function [out, delay] = MackeyGlass30
out{1} = @init;
out{2} = @fun_eval;
out{3} = @jacobian;
out{4} = [];
out{5} = [];
out{6} = [];
out{7} = [];
out{8} = [];
out{9} = [];
delay{1} = @make_kmrgd_from_func;

% --------------------------------------------------------------------------
function dydt = fun_eval(t,kmrgd,par_beta,par_gamma,par_n,par_tau)
M = 30; % degree of collocation polynomials

dim = 1; % total dimension of the delay equation
dim_d = 1; % dimension of the differential part
dim_r = 0; % dimension of the renewal part
ind_d = [1]; % indices of differential equations
%ind_r = []; % indices of renewal equations
% indices of all components of differential part in kmrgd:
ind_d_all = [1,2,3,4,5,6,7,8,9,10,11,12,13,14,15,16,17,18,19,20,21,22,23,24,25,26,27,28,29,30,31];
% indices of all components of renewal part in kmrgd:
%ind_r_all = [];

delays = -[-par_tau];
if any(delays < 0)
    % the equation is advanced instead of delayed: we need to stop
    dydt = NaN(size(kmrgd));
    return
else
    tau_max = max(delays);
    if tau_max == 0
        % the equation is not delayed: we need to stop
        dydt = NaN(size(kmrgd));
        return
    end
end

% Chebyshev type II nodes (extrema) in [-1, 1]:
unit_nodes = [1;0.994521895368273;0.978147600733806;0.951056516295154;0.913545457642601;0.866025403784439;0.809016994374947;0.743144825477394;0.669130606358858;0.587785252292473;0.5;0.4067366430758;0.309016994374947;0.207911690817759;0.104528463267653;2.83276944882399e-16;-0.104528463267653;-0.207911690817759;-0.309016994374947;-0.4067366430758;-0.5;-0.587785252292473;-0.669130606358858;-0.743144825477394;-0.809016994374947;-0.866025403784439;-0.913545457642601;-0.951056516295154;-0.978147600733806;-0.994521895368273;-1];
nodes = (unit_nodes-1)*tau_max/2; % Chebyshev type II nodes (extrema) in the delay interval [-tau_max, 0]
% weights for barycentric interpolation on Chebyshev type II nodes (extrema) (scaling-independent):
weights = [0.5;-1;1;-1;1;-1;1;-1;1;-1;1;-1;1;-1;1;-1;1;-1;1;-1;1;-1;1;-1;1;-1;1;-1;1;-1;0.5];
% differentiation matrix for Chebyshev type II nodes (extrema) in [-1, 1]:
unit_DM = [
300.166666666663,-365.089777295764,91.5231309677744,-40.8634581890614,23.1335444670112,-14.9282032302755,10.4721359549996,-7.78648903498723,6.04468118973006,-4.85183999631918,4,-3.37118410678369,2.89442719099992,-2.52497098721835,2.23346015809522,-2,1.81072744298791,-1.65575018041757,1.52786404500042,-1.42173022210258,1.33333333333333,-1.2596161836825,1.19822858222157,-1.14735159739367,1.10557280900008,-1.07179676972449,1.04518029190898,-1.02508563093692,1.01104690027078,-1.00274657532938,0.5;
91.2724443239411,-45.5108788400536,-61.0713329840186,23.0068164899183,-12.3492713199826,7.78231364665371,-5.39069315498019,3.97808758147309,-3.07322302033434,2.45859333557424,-2.02215515504181,1.70130161670408,-1.45877877539746,1.2712776852055,-1.12360379743448,1.00550827956352,-0.909876414799717,0.831646763271037,-0.767142436538266,0.71364417954618,-0.669110304170943,0.631988550060196,-0.601087065334764,0.575484348064934,-0.554465448838963,0.537476257902929,-0.524090514112109,0.513985966335339,-0.506927289125706,0.502754139781758,-0.250686643832345;
-22.8807827419436,61.0713329840186,-11.3140105084383,-36.9125127591146,15.4793626364408,-8.91884057936885,5.91259040293522,-4.25526889590517,3.23606797749979,-2.56172247142398,2.09140440831516,-1.75005394383513,1.49447654986461,-1.29830352899152,1.14466356918463,-1.02234059486503,0.923637303206005,-0.84312817000222,0.776901418668612,-0.722082011164451,0.676522425435433,-0.638596985858894,0.607061998206686,-0.58095881023606,0.559545552064357,-0.542248475359952,0.528626986059924,-0.518348468766506,0.511170297432515,-0.506927289125706,0.252761725067696;
10.2158645472653,-23.0068164899183,36.9125127591146,-4.97979656976543,-26.6588050543316,11.7604012281268,-7.04029404268041,4.80973434474413,-3.54703120485082,2.75276384094235,-2.21701707851093,1.83715504283455,-1.55753651583505,1.34563272960638,-1.18129576028063,1.05146222423827,-0.947342013538475,0.862836438361915,-0.793604493334841,0.736489201686129,-0.689153033510512,0.649839392465813,-0.617212657734195,0.590248617648807,-0.568158087680825,0.550332920574213,-0.53630748759112,0.525731112119134,-0.518348468766506,0.513985966335339,-0.256271407734229;
-5.78338611675281,12.3492713199826,-15.4793626364408,26.6588050543316,-2.76104552188778,-21.0437471932334,9.56677223350563,-5.86852282936651,4.09140440831516,-3.06974266216832,2.41811385307061,-1.97313063872963,1.6541818305704,-1.41716574094764,1.23606797749979,-1.09463627850605,0.982246946376846,-0.891697022372092,0.817954124429176,-0.757413888634765,0.707440991439866,-0.666075764242007,0.631841235705374,-0.603613125633072,0.580530475878394,-0.56193322877747,0.547318139253023,-0.53630748759112,0.528626986059924,-0.524090514112109,0.261295072977246;
3.73205080756888,-7.78231364665371,8.91884057936885,-11.7604012281268,21.0437471932334,-1.73205080756891,-17.5412717239136,8.13798253375141,-5.07885435813999,3.59401759464926,-2.73205080756888,2.17727949287741,-1.79530503149879,1.51949424589885,-1.31320291230764,1.15470053837925,-1.03033951432015,0.931153235162637,-0.851033121499636,0.785692818596287,-0.732050807568877,0.687847482627818,-0.651399592870471,0.621438292739684,-0.596999813914469,0.577350269189626,-0.56193322877747,0.550332920574213,-0.542248475359952,0.537476257902928,-0.267949192431123;
-2.6180339887499,5.39069315498019,-5.91259040293522,7.04029404268041,-9.56677223350563,17.5412717239136,-1.17082039324993,-15.1809180832536,7.14865838043501,-4.5201470213402,3.23606797749979,-2.48582859384144,2,-1.66360202460743,1.41946952412161,-1.23606797749979,1.09463627850605,-0.983353124521707,0.894427190999916,-0.822535067299366,0.76393202250021,-0.715920956159588,0.676522425435433,-0.644262722616854,0.618033988749895,-0.596999813914469,0.580530475878394,-0.568158087680825,0.559545552064357,-0.554465448838963,0.276393202250021;
1.94662225874681,-3.97808758147309,4.25526889590517,-4.80973434474413,5.86852282936651,-8.13798253375141,15.1809180832536,-0.829892179699189,-13.5109173873532,6.43668091704733,-4.11277516614464,2.97257930190958,-2.30346899773863,1.86834471792543,-1.56588534083248,1.34563272960638,-1.17969978914927,1.05146222423827,-0.950424146867768,0.869654853433042,-0.804411505003835,0.751354272251191,-0.708077176347812,0.672816364803188,-0.644262722616854,0.621438292739684,-0.603613125633072,0.590248617648807,-0.58095881023606,0.575484348064934,-0.286837899348418;
-1.51117029743251,3.07322302033434,-3.23606797749979,3.54703120485082,-4.09140440831516,5.07885435813999,-7.14865838043501,13.5109173873532,-0.605806575938566,-12.2932650730601,5.91259040293523,-3.81106328624355,2.77690141866861,-2.16816779690574,1.77115870394148,-1.49447654986461,1.29255900856013,-1.14019586423506,1.02234059486503,-0.929482703860978,0.855336430815374,-0.795598204221083,0.747238274932305,-0.708077176347812,0.676522425435433,-0.651399592870471,0.631841235705374,-0.617212657734194,0.607061998206686,-0.601087065334764,0.299557145555392;
1.2129599990798,-2.45859333557424,2.56172247142398,-2.75276384094235,3.06974266216832,-3.59401759464926,4.5201470213402,-6.43668091704733,12.2932650730601,-0.449027976579575,-11.3914350518503,5.52337852429032,-3.58720898666968,2.63245485186672,-2.06929322610849,1.70130161670408,-1.44443187752092,1.25675988661108,-1.1150730316701,1.00550827956352,-0.919299096850717,0.85065080835204,-0.795598204221083,0.751354272251191,-0.715920956159588,0.687847482627818,-0.666075764242007,0.649839392465813,-0.638596985858894,0.631988550060196,-0.314904045920625;
-1,2.02215515504181,-2.09140440831516,2.21701707851093,-2.41811385307061,2.73205080756888,-3.23606797749979,4.11277516614464,-5.91259040293523,11.3914350518503,-0.33333333333334,-10.7223247476794,5.23606797749979,-3.42362213263413,2.52862698605992,-2,1.6541818305704,-1.4126055735071,1.23606797749979,-1.10285605819109,1,-0.919299096850717,0.855336430815374,-0.804411505003835,0.76393202250021,-0.732050807568877,0.707440991439865,-0.689153033510511,0.676522425435433,-0.669110304170943,0.333333333333333;
0.842796026695922,-1.70130161670408,1.75005394383513,-1.83715504283455,1.97313063872963,-2.17727949287741,2.48582859384144,-2.97257930190958,3.81106328624355,-5.52337852429032,10.7223247476794,-0.24368173558515,-10.2333564773782,5.02954980571135,-3.30897727730215,2.45859333557424,-1.95593242643128,1.6269465723032,-1.39712877123703,1.22929666778712,-1.10285605819109,1.00550827956352,-0.929482703860978,0.869654853433042,-0.822535067299366,0.785692818596286,-0.757413888634764,0.736489201686129,-0.722082011164451,0.71364417954618,-0.355432555525646;
-0.723606797749979,1.45877877539746,-1.49447654986461,1.55753651583505,-1.6541818305704,1.79530503149879,-2,2.30346899773863,-2.77690141866861,3.58720898666968,-5.23606797749979,10.2333564773782,-0.170820393249935,-9.8906779844083,4.89024980807019,-3.23606797749979,2.41811385307061,-1.93450282146213,1.61803398874989,-1.39712877123703,1.23606797749979,-1.1150730316701,1.02234059486503,-0.950424146867768,0.894427190999916,-0.851033121499636,0.817954124429176,-0.793604493334841,0.776901418668612,-0.767142436538266,0.381966011250105;
0.631242746804589,-1.2712776852055,1.29830352899152,-1.34563272960638,1.41716574094764,-1.51949424589885,1.66360202460743,-1.86834471792543,2.16816779690574,-2.63245485186672,3.42362213263413,-5.02954980571135,9.8906779844083,-0.108652600850087,-9.67274889454713,4.80973434474414,-3.20061293954754,2.40486717237207,-1.93450282146213,1.6269465723032,-1.4126055735071,1.25675988661108,-1.14019586423507,1.05146222423827,-0.983353124521708,0.931153235162637,-0.891697022372092,0.862836438361915,-0.84312817000222,0.831646763271037,-0.413937545104393;
-0.558365039523806,1.12360379743448,-1.14466356918463,1.18129576028063,-1.23606797749979,1.31320291230764,-1.41946952412161,1.56588534083248,-1.77115870394148,2.06929322610849,-2.52862698605992,3.30897727730215,-4.89024980807019,9.67274889454713,-0.052841589388402,-9.56677223350565,4.78338611675282,-3.20061293954754,2.41811385307061,-1.95593242643128,1.6541818305704,-1.44443187752092,1.29255900856014,-1.17969978914927,1.09463627850605,-1.03033951432015,0.982246946376846,-0.947342013538475,0.923637303206005,-0.909876414799717,0.452681860746977;
0.5,-1.00550827956352,1.02234059486503,-1.05146222423827,1.09463627850605,-1.15470053837925,1.23606797749979,-1.34563272960638,1.49447654986461,-1.70130161670408,2,-2.45859333557424,3.23606797749979,-4.80973434474414,9.56677223350565,-2.70894418008538e-14,-9.56677223350561,4.80973434474412,-3.23606797749979,2.45859333557424,-2,1.70130161670408,-1.49447654986461,1.34563272960638,-1.23606797749979,1.15470053837925,-1.09463627850605,1.05146222423827,-1.02234059486503,1.00550827956352,-0.5;
-0.452681860746977,0.909876414799717,-0.923637303206005,0.947342013538475,-0.982246946376846,1.03033951432015,-1.09463627850605,1.17969978914927,-1.29255900856013,1.44443187752092,-1.6541818305704,1.95593242643128,-2.41811385307061,3.20061293954754,-4.78338611675282,9.56677223350561,0.0528415893884161,-9.67274889454711,4.89024980807019,-3.30897727730215,2.52862698605992,-2.06929322610849,1.77115870394148,-1.56588534083248,1.41946952412161,-1.31320291230764,1.23606797749979,-1.18129576028063,1.14466356918463,-1.12360379743448,0.558365039523806;
0.413937545104393,-0.831646763271037,0.84312817000222,-0.862836438361915,0.891697022372092,-0.931153235162637,0.983353124521707,-1.05146222423827,1.14019586423506,-1.25675988661108,1.4126055735071,-1.6269465723032,1.93450282146213,-2.40486717237207,3.20061293954754,-4.80973434474412,9.67274889454711,0.108652600850115,-9.89067798440832,5.02954980571136,-3.42362213263413,2.63245485186672,-2.16816779690574,1.86834471792543,-1.66360202460743,1.51949424589885,-1.41716574094764,1.34563272960638,-1.29830352899152,1.2712776852055,-0.631242746804589;
-0.381966011250105,0.767142436538266,-0.776901418668612,0.793604493334841,-0.817954124429176,0.851033121499636,-0.894427190999916,0.950424146867768,-1.02234059486503,1.1150730316701,-1.23606797749979,1.39712877123703,-1.61803398874989,1.93450282146213,-2.41811385307061,3.23606797749979,-4.89024980807019,9.89067798440832,0.170820393249927,-10.2333564773783,5.23606797749979,-3.58720898666968,2.77690141866861,-2.30346899773863,2,-1.79530503149879,1.6541818305704,-1.55753651583505,1.49447654986461,-1.45877877539746,0.723606797749979;
0.355432555525646,-0.71364417954618,0.722082011164451,-0.736489201686129,0.757413888634765,-0.785692818596287,0.822535067299366,-0.869654853433042,0.929482703860978,-1.00550827956352,1.10285605819109,-1.22929666778712,1.39712877123703,-1.6269465723032,1.95593242643128,-2.45859333557424,3.30897727730215,-5.02954980571136,10.2333564773783,0.243681735585154,-10.7223247476794,5.52337852429031,-3.81106328624355,2.97257930190958,-2.48582859384144,2.17727949287741,-1.97313063872963,1.83715504283455,-1.75005394383513,1.70130161670408,-0.842796026695922;
-0.333333333333333,0.669110304170943,-0.676522425435433,0.689153033510512,-0.707440991439866,0.732050807568877,-0.76393202250021,0.804411505003835,-0.855336430815374,0.919299096850717,-1,1.10285605819109,-1.23606797749979,1.4126055735071,-1.6541818305704,2,-2.52862698605992,3.42362213263413,-5.23606797749979,10.7223247476794,0.333333333333304,-11.3914350518503,5.91259040293523,-4.11277516614464,3.23606797749979,-2.73205080756887,2.41811385307061,-2.21701707851093,2.09140440831516,-2.02215515504181,1;
0.314904045920625,-0.631988550060196,0.638596985858894,-0.649839392465813,0.666075764242007,-0.687847482627818,0.715920956159588,-0.751354272251191,0.795598204221083,-0.85065080835204,0.919299096850717,-1.00550827956352,1.1150730316701,-1.25675988661108,1.44443187752092,-1.70130161670408,2.06929322610849,-2.63245485186672,3.58720898666968,-5.52337852429031,11.3914350518503,0.449027976579628,-12.2932650730601,6.43668091704733,-4.5201470213402,3.59401759464926,-3.06974266216832,2.75276384094235,-2.56172247142398,2.45859333557424,-1.2129599990798;
-0.299557145555392,0.601087065334764,-0.607061998206686,0.617212657734195,-0.631841235705374,0.651399592870471,-0.676522425435433,0.708077176347812,-0.747238274932305,0.795598204221083,-0.855336430815374,0.929482703860978,-1.02234059486503,1.14019586423507,-1.29255900856014,1.49447654986461,-1.77115870394148,2.16816779690574,-2.77690141866861,3.81106328624355,-5.91259040293523,12.2932650730601,0.605806575938502,-13.5109173873532,7.148658380435,-5.07885435813998,4.09140440831516,-3.54703120485081,3.23606797749979,-3.07322302033434,1.51117029743251;
0.286837899348418,-0.575484348064934,0.58095881023606,-0.590248617648807,0.603613125633072,-0.621438292739684,0.644262722616854,-0.672816364803188,0.708077176347812,-0.751354272251191,0.804411505003835,-0.869654853433042,0.950424146867768,-1.05146222423827,1.17969978914927,-1.34563272960638,1.56588534083248,-1.86834471792543,2.30346899773863,-2.97257930190958,4.11277516614464,-6.43668091704733,13.5109173873532,0.829892179699233,-15.1809180832536,8.1379825337514,-5.8685228293665,4.80973434474413,-4.25526889590517,3.97808758147309,-1.94662225874681;
-0.276393202250021,0.554465448838963,-0.559545552064357,0.568158087680825,-0.580530475878394,0.596999813914469,-0.618033988749895,0.644262722616854,-0.676522425435433,0.715920956159588,-0.76393202250021,0.822535067299366,-0.894427190999916,0.983353124521708,-1.09463627850605,1.23606797749979,-1.41946952412161,1.66360202460743,-2,2.48582859384144,-3.23606797749979,4.5201470213402,-7.148658380435,15.1809180832536,1.1708203932499,-17.5412717239136,9.56677223350561,-7.0402940426804,5.91259040293522,-5.39069315498019,2.61803398874989;
0.267949192431123,-0.537476257902929,0.542248475359952,-0.550332920574213,0.56193322877747,-0.577350269189626,0.596999813914469,-0.621438292739684,0.651399592870471,-0.687847482627818,0.732050807568877,-0.785692818596286,0.851033121499636,-0.931153235162637,1.03033951432015,-1.15470053837925,1.31320291230764,-1.51949424589885,1.79530503149879,-2.17727949287741,2.73205080756887,-3.59401759464926,5.07885435813998,-8.1379825337514,17.5412717239136,1.7320508075689,-21.0437471932334,11.7604012281268,-8.91884057936885,7.78231364665371,-3.73205080756888;
-0.261295072977245,0.524090514112109,-0.528626986059924,0.53630748759112,-0.547318139253023,0.56193322877747,-0.580530475878394,0.603613125633072,-0.631841235705374,0.666075764242007,-0.707440991439865,0.757413888634764,-0.817954124429176,0.891697022372092,-0.982246946376846,1.09463627850605,-1.23606797749979,1.41716574094764,-1.6541818305704,1.97313063872963,-2.41811385307061,3.06974266216832,-4.09140440831516,5.8685228293665,-9.56677223350561,21.0437471932334,2.76104552188786,-26.6588050543317,15.4793626364409,-12.3492713199826,5.78338611675282;
0.256271407734229,-0.513985966335339,0.518348468766506,-0.525731112119134,0.53630748759112,-0.550332920574213,0.568158087680825,-0.590248617648807,0.617212657734194,-0.649839392465813,0.689153033510511,-0.736489201686129,0.793604493334841,-0.862836438361915,0.947342013538475,-1.05146222423827,1.18129576028063,-1.34563272960638,1.55753651583505,-1.83715504283455,2.21701707851093,-2.75276384094235,3.54703120485081,-4.80973434474413,7.0402940426804,-11.7604012281268,26.6588050543317,4.97979656976542,-36.9125127591146,23.0068164899182,-10.2158645472653;
-0.252761725067696,0.506927289125706,-0.511170297432515,0.518348468766506,-0.528626986059924,0.542248475359952,-0.559545552064357,0.58095881023606,-0.607061998206686,0.638596985858894,-0.676522425435433,0.722082011164451,-0.776901418668612,0.84312817000222,-0.923637303206005,1.02234059486503,-1.14466356918463,1.29830352899152,-1.49447654986461,1.75005394383513,-2.09140440831516,2.56172247142398,-3.23606797749979,4.25526889590517,-5.91259040293522,8.91884057936885,-15.4793626364409,36.9125127591146,11.3140105084379,-61.0713329840182,22.8807827419436;
0.250686643832345,-0.502754139781758,0.506927289125706,-0.513985966335339,0.524090514112109,-0.537476257902928,0.554465448838963,-0.575484348064934,0.601087065334764,-0.631988550060196,0.669110304170943,-0.71364417954618,0.767142436538266,-0.831646763271037,0.909876414799717,-1.00550827956352,1.12360379743448,-1.2712776852055,1.45877877539746,-1.70130161670408,2.02215515504181,-2.45859333557424,3.07322302033434,-3.97808758147309,5.39069315498019,-7.78231364665371,12.3492713199826,-23.0068164899182,61.0713329840182,45.5108788400558,-91.2724443239429;
-0.5,1.00274657532938,-1.01104690027078,1.02508563093692,-1.04518029190898,1.07179676972449,-1.10557280900008,1.14735159739367,-1.19822858222157,1.2596161836825,-1.33333333333333,1.42173022210258,-1.52786404500042,1.65575018041757,-1.81072744298791,2,-2.23346015809522,2.52497098721836,-2.89442719099992,3.37118410678369,-4,4.85183999631918,-6.04468118973005,7.78648903498722,-10.4721359549996,14.9282032302755,-23.1335444670113,40.8634581890614,-91.5231309677744,365.089777295772,-300.166666666671;
];
DM = unit_DM*2/tau_max; % differentiation matrix for Chebyshev type II nodes (extrema) in the delay interval [-tau_max, 0]

% kmrgd has length dim_d+M*dim
% kmrgd(i), i in 1:dim_d = value of the i-th differential component of the state
%     (i.e. the ind_d(i)-th component of the full state) at the current time
% kmrgd(dim_d+(m-1)*dim+i), m in 1:M, i in 1:dim_d = value of the i-th component
%     of the (full) state at the m-th node in the past
% kmrgd([i,(dim_d+ind_d(i)):dim:(dim_d+M*dim))]), i in 1:dim_d = values of the
%     i-th differential component of the state (i.e. the ind_d(i)-th component of
%     the full state) at all nodes (length M+1); equivalent to kmrgd(ind_d_all(i:dim_d:end))
% kmrgd(dim_d+(m-1)*dim+(1:dim)), m in 1:M = values of the (full) state at the m-th node in the past
% kmrgd(ind_d_all) = values of the differential components of the state at all the nodes
%     (M+1 blocks of length dim_d)
% kmrgd(ind_r_all) = values of the (integrated) renewal components of the state at
%     the nodes in the past (value at current time is always 0) (M blocks of length dim_r)

% values of the derivative of the renewal part of the (integrated) state at all the nodes
%     (M+1 blocks of length dim_r):
%kmrgd_r_der = reshape(transpose(DM(:,2:end)*transpose(reshape(kmrgd,dim_r,M))),(M+1)*dim_r,1); % only renewal equations
%kmrgd_r_der = reshape(transpose(DM(:,2:end)*transpose(reshape(kmrgd(ind_r_all),dim_r,M))),(M+1)*dim_r,1); % coupled differential and renewal equations
% equivalent to kron(DM(:,2:end),eye(dim_r))*kmrgd(ind_r_all)

% kmrgd_r_der(i), i in 1:dim_r = value of the derivative of the i-th (integrated)
%     renewal component of the state (i.e. the ind_r(i)-th component of the full state)
%     at the current time (i.e. true value of the i-th component)
% kmrgd_r_der(m*dim_r+i), m in 1:M, i in 1:dim_r = value of the same at m-th node in the past
% kmrgd_r_der(i:dim_r:(M+1)*dim_r), i in 1:dim_r = values of the same at all nodes (length M+1)

% renewal part of the right-hand side:
%F_r = [
%];
% F_r extended with 0 for the differential part:
% (ind_r_all-dim_d removes the offset in the indices due to the first block in kmrgd)
%F_r0 = repmat(F_r,M,1); % only renewal equations
%F_r0 = zeros(M*dim,1); F_r0(ind_r_all-dim_d) = repmat(F_r,M,1); % coupled differential and renewal equations

% kmrgd with added zeros for the renewal components at current time (M+1 blocks of length dim):
kmrgd0 = kmrgd; % only differential equations
%kmrgd0 = [zeros(dim_r,1); kmrgd]; % only renewal equations
%kmrgd0 = zeros((M+1)*dim,1); kmrgd0([ind_d,dim+1:end]) = kmrgd; % coupled differential and renewal equations

dydt=[
par_beta*kmrgd(dim_d+(M-1)*dim+1)/(1+kmrgd(dim_d+(M-1)*dim+1)^par_n)-par_gamma*kmrgd(1);
reshape(transpose(DM(2:end,:)*transpose(reshape(kmrgd0,dim,M+1))),M*dim,1); % only differential equations
%reshape(transpose(DM(2:end,:)*transpose(reshape(kmrgd0,dim,M+1))),M*dim,1)-F_r0; % only/also renewal equations
];
% in the last line, reshape(...) is equivalent to kron(DM(2:end,:),eye(dim))*kmrgd0

% --------------------------------------------------------------------------
function [tspan,y0,options] = init
handles = feval(MackeyGlass30);
y0=[0,0,0,0,0,0,0,0,0,0,0,0,0,0,0,0,0,0,0,0,0,0,0,0,0,0,0,0,0,0,0];
options = odeset('Jacobian',[],'JacobianP',[],'Hessians',[],'HessiansP',[]);
tspan = [0 10];

% --------------------------------------------------------------------------
function jac = jacobian(t,kmrgd,par_beta,par_gamma,par_n,par_tau)
M = 30; % degree of collocation polynomials

dim = 1; % total dimension of the delay equation
dim_d = 1; % dimension of the differential part
dim_r = 0; % dimension of the renewal part
ind_d = [1]; % indices of differential equations
%ind_r = []; % indices of renewal equations
% indices of all components of differential part in kmrgd:
ind_d_all = [1,2,3,4,5,6,7,8,9,10,11,12,13,14,15,16,17,18,19,20,21,22,23,24,25,26,27,28,29,30,31];
% indices of all components of renewal part in kmrgd:
%ind_r_all = [];

delays = -[-par_tau];
if any(delays < 0)
    % the equation is advanced instead of delayed: we need to stop
    jac = NaN(length(kmrgd));
    return
else
    tau_max = max(delays);
    if tau_max == 0
        % the equation is not delayed: we need to stop
        jac = NaN(length(kmrgd));
        return
    end
end

% Chebyshev type II nodes (extrema) in [-1, 1]:
unit_nodes = [1;0.994521895368273;0.978147600733806;0.951056516295154;0.913545457642601;0.866025403784439;0.809016994374947;0.743144825477394;0.669130606358858;0.587785252292473;0.5;0.4067366430758;0.309016994374947;0.207911690817759;0.104528463267653;2.83276944882399e-16;-0.104528463267653;-0.207911690817759;-0.309016994374947;-0.4067366430758;-0.5;-0.587785252292473;-0.669130606358858;-0.743144825477394;-0.809016994374947;-0.866025403784439;-0.913545457642601;-0.951056516295154;-0.978147600733806;-0.994521895368273;-1];
nodes = (unit_nodes-1)*tau_max/2; % Chebyshev type II nodes (extrema) in the delay interval [-tau_max, 0]
% weights for barycentric interpolation on Chebyshev type II nodes (extrema) (scaling-independent):
weights = [0.5;-1;1;-1;1;-1;1;-1;1;-1;1;-1;1;-1;1;-1;1;-1;1;-1;1;-1;1;-1;1;-1;1;-1;1;-1;0.5];
% differentiation matrix for Chebyshev type II nodes (extrema) in [-1, 1]:
unit_DM = [
300.166666666663,-365.089777295764,91.5231309677744,-40.8634581890614,23.1335444670112,-14.9282032302755,10.4721359549996,-7.78648903498723,6.04468118973006,-4.85183999631918,4,-3.37118410678369,2.89442719099992,-2.52497098721835,2.23346015809522,-2,1.81072744298791,-1.65575018041757,1.52786404500042,-1.42173022210258,1.33333333333333,-1.2596161836825,1.19822858222157,-1.14735159739367,1.10557280900008,-1.07179676972449,1.04518029190898,-1.02508563093692,1.01104690027078,-1.00274657532938,0.5;
91.2724443239411,-45.5108788400536,-61.0713329840186,23.0068164899183,-12.3492713199826,7.78231364665371,-5.39069315498019,3.97808758147309,-3.07322302033434,2.45859333557424,-2.02215515504181,1.70130161670408,-1.45877877539746,1.2712776852055,-1.12360379743448,1.00550827956352,-0.909876414799717,0.831646763271037,-0.767142436538266,0.71364417954618,-0.669110304170943,0.631988550060196,-0.601087065334764,0.575484348064934,-0.554465448838963,0.537476257902929,-0.524090514112109,0.513985966335339,-0.506927289125706,0.502754139781758,-0.250686643832345;
-22.8807827419436,61.0713329840186,-11.3140105084383,-36.9125127591146,15.4793626364408,-8.91884057936885,5.91259040293522,-4.25526889590517,3.23606797749979,-2.56172247142398,2.09140440831516,-1.75005394383513,1.49447654986461,-1.29830352899152,1.14466356918463,-1.02234059486503,0.923637303206005,-0.84312817000222,0.776901418668612,-0.722082011164451,0.676522425435433,-0.638596985858894,0.607061998206686,-0.58095881023606,0.559545552064357,-0.542248475359952,0.528626986059924,-0.518348468766506,0.511170297432515,-0.506927289125706,0.252761725067696;
10.2158645472653,-23.0068164899183,36.9125127591146,-4.97979656976543,-26.6588050543316,11.7604012281268,-7.04029404268041,4.80973434474413,-3.54703120485082,2.75276384094235,-2.21701707851093,1.83715504283455,-1.55753651583505,1.34563272960638,-1.18129576028063,1.05146222423827,-0.947342013538475,0.862836438361915,-0.793604493334841,0.736489201686129,-0.689153033510512,0.649839392465813,-0.617212657734195,0.590248617648807,-0.568158087680825,0.550332920574213,-0.53630748759112,0.525731112119134,-0.518348468766506,0.513985966335339,-0.256271407734229;
-5.78338611675281,12.3492713199826,-15.4793626364408,26.6588050543316,-2.76104552188778,-21.0437471932334,9.56677223350563,-5.86852282936651,4.09140440831516,-3.06974266216832,2.41811385307061,-1.97313063872963,1.6541818305704,-1.41716574094764,1.23606797749979,-1.09463627850605,0.982246946376846,-0.891697022372092,0.817954124429176,-0.757413888634765,0.707440991439866,-0.666075764242007,0.631841235705374,-0.603613125633072,0.580530475878394,-0.56193322877747,0.547318139253023,-0.53630748759112,0.528626986059924,-0.524090514112109,0.261295072977246;
3.73205080756888,-7.78231364665371,8.91884057936885,-11.7604012281268,21.0437471932334,-1.73205080756891,-17.5412717239136,8.13798253375141,-5.07885435813999,3.59401759464926,-2.73205080756888,2.17727949287741,-1.79530503149879,1.51949424589885,-1.31320291230764,1.15470053837925,-1.03033951432015,0.931153235162637,-0.851033121499636,0.785692818596287,-0.732050807568877,0.687847482627818,-0.651399592870471,0.621438292739684,-0.596999813914469,0.577350269189626,-0.56193322877747,0.550332920574213,-0.542248475359952,0.537476257902928,-0.267949192431123;
-2.6180339887499,5.39069315498019,-5.91259040293522,7.04029404268041,-9.56677223350563,17.5412717239136,-1.17082039324993,-15.1809180832536,7.14865838043501,-4.5201470213402,3.23606797749979,-2.48582859384144,2,-1.66360202460743,1.41946952412161,-1.23606797749979,1.09463627850605,-0.983353124521707,0.894427190999916,-0.822535067299366,0.76393202250021,-0.715920956159588,0.676522425435433,-0.644262722616854,0.618033988749895,-0.596999813914469,0.580530475878394,-0.568158087680825,0.559545552064357,-0.554465448838963,0.276393202250021;
1.94662225874681,-3.97808758147309,4.25526889590517,-4.80973434474413,5.86852282936651,-8.13798253375141,15.1809180832536,-0.829892179699189,-13.5109173873532,6.43668091704733,-4.11277516614464,2.97257930190958,-2.30346899773863,1.86834471792543,-1.56588534083248,1.34563272960638,-1.17969978914927,1.05146222423827,-0.950424146867768,0.869654853433042,-0.804411505003835,0.751354272251191,-0.708077176347812,0.672816364803188,-0.644262722616854,0.621438292739684,-0.603613125633072,0.590248617648807,-0.58095881023606,0.575484348064934,-0.286837899348418;
-1.51117029743251,3.07322302033434,-3.23606797749979,3.54703120485082,-4.09140440831516,5.07885435813999,-7.14865838043501,13.5109173873532,-0.605806575938566,-12.2932650730601,5.91259040293523,-3.81106328624355,2.77690141866861,-2.16816779690574,1.77115870394148,-1.49447654986461,1.29255900856013,-1.14019586423506,1.02234059486503,-0.929482703860978,0.855336430815374,-0.795598204221083,0.747238274932305,-0.708077176347812,0.676522425435433,-0.651399592870471,0.631841235705374,-0.617212657734194,0.607061998206686,-0.601087065334764,0.299557145555392;
1.2129599990798,-2.45859333557424,2.56172247142398,-2.75276384094235,3.06974266216832,-3.59401759464926,4.5201470213402,-6.43668091704733,12.2932650730601,-0.449027976579575,-11.3914350518503,5.52337852429032,-3.58720898666968,2.63245485186672,-2.06929322610849,1.70130161670408,-1.44443187752092,1.25675988661108,-1.1150730316701,1.00550827956352,-0.919299096850717,0.85065080835204,-0.795598204221083,0.751354272251191,-0.715920956159588,0.687847482627818,-0.666075764242007,0.649839392465813,-0.638596985858894,0.631988550060196,-0.314904045920625;
-1,2.02215515504181,-2.09140440831516,2.21701707851093,-2.41811385307061,2.73205080756888,-3.23606797749979,4.11277516614464,-5.91259040293523,11.3914350518503,-0.33333333333334,-10.7223247476794,5.23606797749979,-3.42362213263413,2.52862698605992,-2,1.6541818305704,-1.4126055735071,1.23606797749979,-1.10285605819109,1,-0.919299096850717,0.855336430815374,-0.804411505003835,0.76393202250021,-0.732050807568877,0.707440991439865,-0.689153033510511,0.676522425435433,-0.669110304170943,0.333333333333333;
0.842796026695922,-1.70130161670408,1.75005394383513,-1.83715504283455,1.97313063872963,-2.17727949287741,2.48582859384144,-2.97257930190958,3.81106328624355,-5.52337852429032,10.7223247476794,-0.24368173558515,-10.2333564773782,5.02954980571135,-3.30897727730215,2.45859333557424,-1.95593242643128,1.6269465723032,-1.39712877123703,1.22929666778712,-1.10285605819109,1.00550827956352,-0.929482703860978,0.869654853433042,-0.822535067299366,0.785692818596286,-0.757413888634764,0.736489201686129,-0.722082011164451,0.71364417954618,-0.355432555525646;
-0.723606797749979,1.45877877539746,-1.49447654986461,1.55753651583505,-1.6541818305704,1.79530503149879,-2,2.30346899773863,-2.77690141866861,3.58720898666968,-5.23606797749979,10.2333564773782,-0.170820393249935,-9.8906779844083,4.89024980807019,-3.23606797749979,2.41811385307061,-1.93450282146213,1.61803398874989,-1.39712877123703,1.23606797749979,-1.1150730316701,1.02234059486503,-0.950424146867768,0.894427190999916,-0.851033121499636,0.817954124429176,-0.793604493334841,0.776901418668612,-0.767142436538266,0.381966011250105;
0.631242746804589,-1.2712776852055,1.29830352899152,-1.34563272960638,1.41716574094764,-1.51949424589885,1.66360202460743,-1.86834471792543,2.16816779690574,-2.63245485186672,3.42362213263413,-5.02954980571135,9.8906779844083,-0.108652600850087,-9.67274889454713,4.80973434474414,-3.20061293954754,2.40486717237207,-1.93450282146213,1.6269465723032,-1.4126055735071,1.25675988661108,-1.14019586423507,1.05146222423827,-0.983353124521708,0.931153235162637,-0.891697022372092,0.862836438361915,-0.84312817000222,0.831646763271037,-0.413937545104393;
-0.558365039523806,1.12360379743448,-1.14466356918463,1.18129576028063,-1.23606797749979,1.31320291230764,-1.41946952412161,1.56588534083248,-1.77115870394148,2.06929322610849,-2.52862698605992,3.30897727730215,-4.89024980807019,9.67274889454713,-0.052841589388402,-9.56677223350565,4.78338611675282,-3.20061293954754,2.41811385307061,-1.95593242643128,1.6541818305704,-1.44443187752092,1.29255900856014,-1.17969978914927,1.09463627850605,-1.03033951432015,0.982246946376846,-0.947342013538475,0.923637303206005,-0.909876414799717,0.452681860746977;
0.5,-1.00550827956352,1.02234059486503,-1.05146222423827,1.09463627850605,-1.15470053837925,1.23606797749979,-1.34563272960638,1.49447654986461,-1.70130161670408,2,-2.45859333557424,3.23606797749979,-4.80973434474414,9.56677223350565,-2.70894418008538e-14,-9.56677223350561,4.80973434474412,-3.23606797749979,2.45859333557424,-2,1.70130161670408,-1.49447654986461,1.34563272960638,-1.23606797749979,1.15470053837925,-1.09463627850605,1.05146222423827,-1.02234059486503,1.00550827956352,-0.5;
-0.452681860746977,0.909876414799717,-0.923637303206005,0.947342013538475,-0.982246946376846,1.03033951432015,-1.09463627850605,1.17969978914927,-1.29255900856013,1.44443187752092,-1.6541818305704,1.95593242643128,-2.41811385307061,3.20061293954754,-4.78338611675282,9.56677223350561,0.0528415893884161,-9.67274889454711,4.89024980807019,-3.30897727730215,2.52862698605992,-2.06929322610849,1.77115870394148,-1.56588534083248,1.41946952412161,-1.31320291230764,1.23606797749979,-1.18129576028063,1.14466356918463,-1.12360379743448,0.558365039523806;
0.413937545104393,-0.831646763271037,0.84312817000222,-0.862836438361915,0.891697022372092,-0.931153235162637,0.983353124521707,-1.05146222423827,1.14019586423506,-1.25675988661108,1.4126055735071,-1.6269465723032,1.93450282146213,-2.40486717237207,3.20061293954754,-4.80973434474412,9.67274889454711,0.108652600850115,-9.89067798440832,5.02954980571136,-3.42362213263413,2.63245485186672,-2.16816779690574,1.86834471792543,-1.66360202460743,1.51949424589885,-1.41716574094764,1.34563272960638,-1.29830352899152,1.2712776852055,-0.631242746804589;
-0.381966011250105,0.767142436538266,-0.776901418668612,0.793604493334841,-0.817954124429176,0.851033121499636,-0.894427190999916,0.950424146867768,-1.02234059486503,1.1150730316701,-1.23606797749979,1.39712877123703,-1.61803398874989,1.93450282146213,-2.41811385307061,3.23606797749979,-4.89024980807019,9.89067798440832,0.170820393249927,-10.2333564773783,5.23606797749979,-3.58720898666968,2.77690141866861,-2.30346899773863,2,-1.79530503149879,1.6541818305704,-1.55753651583505,1.49447654986461,-1.45877877539746,0.723606797749979;
0.355432555525646,-0.71364417954618,0.722082011164451,-0.736489201686129,0.757413888634765,-0.785692818596287,0.822535067299366,-0.869654853433042,0.929482703860978,-1.00550827956352,1.10285605819109,-1.22929666778712,1.39712877123703,-1.6269465723032,1.95593242643128,-2.45859333557424,3.30897727730215,-5.02954980571136,10.2333564773783,0.243681735585154,-10.7223247476794,5.52337852429031,-3.81106328624355,2.97257930190958,-2.48582859384144,2.17727949287741,-1.97313063872963,1.83715504283455,-1.75005394383513,1.70130161670408,-0.842796026695922;
-0.333333333333333,0.669110304170943,-0.676522425435433,0.689153033510512,-0.707440991439866,0.732050807568877,-0.76393202250021,0.804411505003835,-0.855336430815374,0.919299096850717,-1,1.10285605819109,-1.23606797749979,1.4126055735071,-1.6541818305704,2,-2.52862698605992,3.42362213263413,-5.23606797749979,10.7223247476794,0.333333333333304,-11.3914350518503,5.91259040293523,-4.11277516614464,3.23606797749979,-2.73205080756887,2.41811385307061,-2.21701707851093,2.09140440831516,-2.02215515504181,1;
0.314904045920625,-0.631988550060196,0.638596985858894,-0.649839392465813,0.666075764242007,-0.687847482627818,0.715920956159588,-0.751354272251191,0.795598204221083,-0.85065080835204,0.919299096850717,-1.00550827956352,1.1150730316701,-1.25675988661108,1.44443187752092,-1.70130161670408,2.06929322610849,-2.63245485186672,3.58720898666968,-5.52337852429031,11.3914350518503,0.449027976579628,-12.2932650730601,6.43668091704733,-4.5201470213402,3.59401759464926,-3.06974266216832,2.75276384094235,-2.56172247142398,2.45859333557424,-1.2129599990798;
-0.299557145555392,0.601087065334764,-0.607061998206686,0.617212657734195,-0.631841235705374,0.651399592870471,-0.676522425435433,0.708077176347812,-0.747238274932305,0.795598204221083,-0.855336430815374,0.929482703860978,-1.02234059486503,1.14019586423507,-1.29255900856014,1.49447654986461,-1.77115870394148,2.16816779690574,-2.77690141866861,3.81106328624355,-5.91259040293523,12.2932650730601,0.605806575938502,-13.5109173873532,7.148658380435,-5.07885435813998,4.09140440831516,-3.54703120485081,3.23606797749979,-3.07322302033434,1.51117029743251;
0.286837899348418,-0.575484348064934,0.58095881023606,-0.590248617648807,0.603613125633072,-0.621438292739684,0.644262722616854,-0.672816364803188,0.708077176347812,-0.751354272251191,0.804411505003835,-0.869654853433042,0.950424146867768,-1.05146222423827,1.17969978914927,-1.34563272960638,1.56588534083248,-1.86834471792543,2.30346899773863,-2.97257930190958,4.11277516614464,-6.43668091704733,13.5109173873532,0.829892179699233,-15.1809180832536,8.1379825337514,-5.8685228293665,4.80973434474413,-4.25526889590517,3.97808758147309,-1.94662225874681;
-0.276393202250021,0.554465448838963,-0.559545552064357,0.568158087680825,-0.580530475878394,0.596999813914469,-0.618033988749895,0.644262722616854,-0.676522425435433,0.715920956159588,-0.76393202250021,0.822535067299366,-0.894427190999916,0.983353124521708,-1.09463627850605,1.23606797749979,-1.41946952412161,1.66360202460743,-2,2.48582859384144,-3.23606797749979,4.5201470213402,-7.148658380435,15.1809180832536,1.1708203932499,-17.5412717239136,9.56677223350561,-7.0402940426804,5.91259040293522,-5.39069315498019,2.61803398874989;
0.267949192431123,-0.537476257902929,0.542248475359952,-0.550332920574213,0.56193322877747,-0.577350269189626,0.596999813914469,-0.621438292739684,0.651399592870471,-0.687847482627818,0.732050807568877,-0.785692818596286,0.851033121499636,-0.931153235162637,1.03033951432015,-1.15470053837925,1.31320291230764,-1.51949424589885,1.79530503149879,-2.17727949287741,2.73205080756887,-3.59401759464926,5.07885435813998,-8.1379825337514,17.5412717239136,1.7320508075689,-21.0437471932334,11.7604012281268,-8.91884057936885,7.78231364665371,-3.73205080756888;
-0.261295072977245,0.524090514112109,-0.528626986059924,0.53630748759112,-0.547318139253023,0.56193322877747,-0.580530475878394,0.603613125633072,-0.631841235705374,0.666075764242007,-0.707440991439865,0.757413888634764,-0.817954124429176,0.891697022372092,-0.982246946376846,1.09463627850605,-1.23606797749979,1.41716574094764,-1.6541818305704,1.97313063872963,-2.41811385307061,3.06974266216832,-4.09140440831516,5.8685228293665,-9.56677223350561,21.0437471932334,2.76104552188786,-26.6588050543317,15.4793626364409,-12.3492713199826,5.78338611675282;
0.256271407734229,-0.513985966335339,0.518348468766506,-0.525731112119134,0.53630748759112,-0.550332920574213,0.568158087680825,-0.590248617648807,0.617212657734194,-0.649839392465813,0.689153033510511,-0.736489201686129,0.793604493334841,-0.862836438361915,0.947342013538475,-1.05146222423827,1.18129576028063,-1.34563272960638,1.55753651583505,-1.83715504283455,2.21701707851093,-2.75276384094235,3.54703120485081,-4.80973434474413,7.0402940426804,-11.7604012281268,26.6588050543317,4.97979656976542,-36.9125127591146,23.0068164899182,-10.2158645472653;
