function [out, delay] = MackeyGlass40
out{1} = @init;
out{2} = @fun_eval;
out{3} = @jacobian;
out{4} = [];
out{5} = [];
out{6} = [];
out{7} = [];
out{8} = [];
out{9} = [];
delay{1} = @make_kmrgd_from_func;

% --------------------------------------------------------------------------
function dydt = fun_eval(t,kmrgd,par_beta,par_gamma,par_n,par_tau)
M = 40; % degree of collocation polynomials

dim = 1; % total dimension of the delay equation
dim_d = 1; % dimension of the differential part
dim_r = 0; % dimension of the renewal part
ind_d = [1]; % indices of differential equations
%ind_r = []; % indices of renewal equations
% indices of all components of differential part in kmrgd:
ind_d_all = [1,2,3,4,5,6,7,8,9,10,11,12,13,14,15,16,17,18,19,20,21,22,23,24,25,26,27,28,29,30,31,32,33,34,35,36,37,38,39,40,41];
% indices of all components of renewal part in kmrgd:
%ind_r_all = [];

delays = -[-par_tau];
if any(delays < 0)
    % the equation is advanced instead of delayed: we need to stop
    dydt = NaN(size(kmrgd));
    return
else
    tau_max = max(delays);
    if tau_max == 0
        % the equation is not delayed: we need to stop
        dydt = NaN(size(kmrgd));
        return
    end
end

% Chebyshev type II nodes (extrema) in [-1, 1]:
unit_nodes = [1;0.996917333733128;0.987688340595138;0.972369920397677;0.951056516295154;0.923879532511287;0.891006524188368;0.852640164354092;0.809016994374947;0.760405965600031;0.707106781186548;0.649448048330184;0.587785252292473;0.522498564715949;0.453990499739547;0.38268343236509;0.309016994374947;0.233445363855905;0.156434465040231;0.078459095727845;6.12323399573677e-17;-0.0784590957278449;-0.156434465040231;-0.233445363855905;-0.309016994374947;-0.38268343236509;-0.453990499739547;-0.522498564715949;-0.587785252292473;-0.649448048330184;-0.707106781186547;-0.760405965600031;-0.809016994374947;-0.852640164354092;-0.891006524188368;-0.923879532511287;-0.951056516295154;-0.972369920397677;-0.987688340595138;-0.996917333733128;-1];
nodes = (unit_nodes-1)*tau_max/2; % Chebyshev type II nodes (extrema) in the delay interval [-tau_max, 0]
% weights for barycentric interpolation on Chebyshev type II nodes (extrema) (scaling-independent):
weights = [0.5;-1;1;-1;1;-1;1;-1;1;-1;1;-1;1;-1;1;-1;1;-1;1;-1;1;-1;1;-1;1;-1;1;-1;1;-1;1;-1;1;-1;1;-1;1;-1;1;-1;0.5];
% differentiation matrix for Chebyshev type II nodes (extrema) in [-1, 1]:
unit_DM = [
533.499999999997,-648.789011477843,162.447638797589,-72.3848801301252,40.8634581890614,-26.2741423690882,18.3497221747153,-13.5722192633671,10.4721359549996,-8.3474532452727,6.82842712474619,-5.70528844718512,4.85183999631918,-4.18846908556466,3.66293992878508,-3.23982880884355,2.89442719099992,-2.60907690815146,2.37088870646592,-2.17027805356033,2,-1.8544977810681,1.72945381728175,-1.62147433409434,1.52786404500042,-1.44646269217169,1.37552480594492,-1.31363013821503,1.2596161836825,-1.21252682194186,1.17157287525381,-1.13610158059099,1.10557280900008,-1.0795404517732,1.05763781056145,-1.03956612989658,1.02508563093692,-1.0140085687358,1.00619395865711,-1.00154371250867,0.5;
162.197252869461,-80.9734334706657,-108.35418176698,40.7374897849542,-21.8051063165735,13.6915403157148,-9.44190686765905,6.93110354399083,-5.32197016469339,4.22812657122362,-3.45052997971588,2.87795221623789,-2.44419845170477,2.1078424069765,-1.84186880697045,1.62804429676183,-1.45369894850323,1.30980578129255,-1.18979224592071,1.08878113192366,-1.00309219848283,0.929906935473046,-0.867038141409711,0.812768464095634,-0.765735288886014,0.724847379454708,-0.689223654962666,0.658147648067087,-0.63103323539591,0.60739858289947,-0.586846155077528,0.569047255208796,-0.553729991415366,0.540669863485824,-0.529682378769739,0.520617259208269,-0.513353913855405,0.507797934456939,-0.503878434358741,0.501546099241413,-0.250385928127169;
-40.6119096993973,108.35418176698,-20.1801806048673,-65.2808832183448,27.2986677324839,-15.6718175754968,10.3432065838802,-7.40476493525625,5.59686833482311,-4.3998132280232,3.56402609675347,-2.95647805086648,2.50060584489199,-2.14966031467489,1.87371940346782,-1.6528791525436,1.47346724680425,-1.32583269694235,1.20300191001509,-1.09983263917776,1.012465125788,-0.937956577046119,0.874032048897642,-0.818911144909842,0.771185228464468,-0.729728982843711,0.693635761323826,-0.662169693355941,0.634729775550949,-0.610822657638462,0.590041821071996,-0.572051517161314,0.556574292142707,-0.543381248136233,0.532284416562365,-0.523130783933366,0.515797628783387,-0.510188916268987,0.506232562894001,-0.503878434358741,0.251548489664277;
18.0962200325313,-40.7374897849542,65.2808832183448,-8.92135894517333,-46.9188307597294,20.6226438597056,-12.2905390702655,8.35214263391615,-6.12171464783471,4.71778327100315,-3.76984153536718,3.09672427450499,-2.60020766019318,2.22285768446986,-1.92908892627414,1.69581637072332,-1.50749316204228,1.35331813125833,-1.22558713858306,1.11867981951036,-1.02841519366521,0.951629603536328,-0.885893085551808,0.829314417439165,-0.780404410620539,0.737978322374642,-0.701085073507434,0.668955168938483,-0.640961884756448,0.616592009265005,-0.595423562027812,0.577108677516143,-0.561360360125717,0.547942177610496,-0.53666021318744,0.527356777066403,-0.519905508691778,0.514207596832604,-0.510188916268987,0.507797934456939,-0.253502142183951;
-10.2158645472653,21.8051063165735,-27.2986677324839,46.9188307597294,-4.97979656976561,-36.7958419504093,16.652791531125,-10.1609131031281,7.04029404268041,-5.24519859163241,4.09920510696518,-3.31555677712651,2.75276384094235,-2.33340671037621,2.01180520633748,-1.75940773459119,1.55753651583505,-1.39351234523164,1.25845991615854,-1.14600384602313,1.05146222423827,-0.971330583355603,0.902941890140022,-0.844236735084347,0.793604493334841,-0.749771348608483,0.711719955693855,-0.678630892653049,0.649839392465813,-0.624802966578287,0.603076911374608,-0.584295601322591,0.568158087680825,-0.554416943119309,0.54286958590598,-0.533351524515509,0.525731112119134,-0.519905508691778,0.515797628783387,-0.513353913855405,0.256271407734229;
6.56853559227204,-13.6915403157148,15.6718175754968,-20.6226438597056,36.7958419504093,-3.15432202989892,-30.4200939012572,14.0371823314524,-8.70605870482352,6.11719691993303,-4.61312592975275,3.64389677439517,-2.97535560363881,2.49139864675869,-2.12816203455801,1.84775906502257,-1.626379780806,1.44836400832754,-1.30302485791625,1.18284341907405,-1.08239220029239,0.997666828182368,-0.925656801880245,0.864061598552809,-0.8110980752988,0.76536686473018,-0.72575785567122,0.691382150985997,-0.66152232297309,0.635595544231904,-0.613125929752753,0.593723570689978,-0.577068500331555,0.562898346561804,-0.550998778302637,0.541196100146197,-0.533351524515509,0.527356777066403,-0.523130783933366,0.520617259208269,-0.259891532474145;
-4.58743054367882,9.44190686765905,-10.3432065838802,12.2905390702655,-16.652791531125,30.4200939012572,-2.16151054551925,-26.064500367497,12.1966792866803,-7.65693509131211,5.43774550022129,-4.13978435841385,3.29792165881862,-2.71364559243623,2.28824561127074,-1.96725274945341,1.71824396964768,-1.52077108613654,1.3613368321682,-1.23069739066756,1.12232623763436,-1.0314960937825,0.954707721278373,-0.889322176104192,0.833317001317786,-0.785120424994126,0.743496068920369,-0.707461195470583,0.67622772583964,-0.649159032560798,0.625737860160923,-0.605542228960696,0.588227156319047,-0.573510681132262,0.56116311881718,-0.550998778302637,0.54286958590598,-0.53666021318744,0.532284416562365,-0.529682378769739,0.264409452640362;
3.39305481584178,-6.93110354399083,7.40476493525625,-8.35214263391615,10.1609131031281,-14.0371823314524,26.064500367497,-1.56158485144926,-22.9235977229091,10.8419654911998,-6.87127570482405,4.92145079035613,-3.77565208142089,3.02900331583801,-2.50846818337826,2.12785546398642,-1.83950952649491,1.61500064147087,-1.43635710104864,1.29168748826997,-1.17282769661401,1.07399934987812,-0.991006978938942,0.920737800132668,-0.860839183476554,0.809504491499909,-0.765327209501594,0.727199357315946,-0.694239346545333,0.665739862383295,-0.64112964148385,0.619945072512242,-0.601808859755929,0.586413848307004,-0.573510681132262,0.562898346561804,-0.554416943119309,0.547942177610496,-0.543381248136233,0.540669863485824,-0.269885112943301;
-2.6180339887499,5.32197016469339,-5.59686833482311,6.12171464783471,-7.04029404268041,8.70605870482352,-12.1966792866803,22.9235977229091,-1.17082039324993,-20.5714634148209,9.81255920004127,-6.26688353083106,4.5201470213402,-3.49017688387499,2.81669119096862,-2.3455812281954,2,-1.7374032126952,1.53237323257713,-1.36881690260535,1.23606797749979,-1.12679091994938,1.03578485510369,-0.959267250375433,0.894427190999916,-0.839137066297405,0.791760939392611,-0.751023893917363,0.715920956159588,-0.685652361022806,0.659576754958315,-0.637176864046862,0.618033988749895,-0.601808859755929,0.588227156319047,-0.577068500331555,0.568158087680825,-0.561360360125717,0.556574292142707,-0.553729991415366,0.276393202250021;
2.08686331131817,-4.22812657122362,4.3998132280232,-4.71778327100315,5.24519859163241,-6.11719691993303,7.65693509131211,-10.8419654911998,20.5714634148209,-0.901418958085195,-18.7620131715754,9.01242583319244,-5.79304754822964,4.20331606450209,-3.26354284106311,2.64744597425965,-2.21538421128449,1.89767507606872,-1.65570726279822,1.4663898966021,-1.31508699989079,1.19208683982744,-1.09070233661234,1.00618671058923,-0.935083720311557,0.874822215812829,-0.823454307173377,0.779481229015303,-0.74173454531413,0.709293295702528,-0.681425086214553,0.657543499945393,-0.637176864046862,0.619945072512242,-0.605542228960696,0.593723570689978,-0.584295601322591,0.577108677516143,-0.572051517161314,0.569047255208796,-0.284025395147747;
-1.70710678118655,3.45052997971588,-3.56402609675347,3.76984153536718,-4.09920510696518,4.61312592975275,-5.43774550022129,6.87127570482405,-9.81255920004127,18.7620131715754,-0.707106781186541,-17.3434265801703,8.38071728772209,-5.41687699019216,3.95075336238055,-3.08239220029239,2.51199612029549,-2.11121270048885,1.81596199895819,-1.59071610876979,1.4142135623731,-1.27296771586856,1.15802227672329,-1.06320527285052,0.984132075295074,-0.917607799707606,0.861254277679815,-0.813269073148041,0.77226515736086,-0.737161505190503,0.707106781186548,-0.681425086214553,0.659576754958315,-0.64112964148385,0.625737860160923,-0.613125929752753,0.603076911374608,-0.595423562027812,0.590041821071996,-0.586846155077528,0.292893218813452;
1.42632211179628,-2.87795221623789,2.95647805086648,-3.09672427450499,3.31555677712651,-3.64389677439517,4.13978435841385,-4.92145079035613,6.26688353083106,-9.01242583319244,17.3434265801703,-0.561595203155445,-16.2172341226375,7.87714901652321,-5.11620045994941,3.74862309374212,-2.93745235160448,2.40383064177517,-2.02834168041954,1.75134736923088,-1.53976904322237,1.37380160115626,-1.24087566538419,1.13263955331137,-1.04333486923805,0.96886881051857,-0.906257989399883,0.85328118949104,-0.808254998872674,0.769884521611183,-0.737161505190503,0.709293295702528,-0.685652361022805,0.665739862383295,-0.649159032560798,0.635595544231904,-0.624802966578287,0.616592009265005,-0.610822657638462,0.60739858289947,-0.303131705485465;
-1.2129599990798,2.44419845170477,-2.50060584489199,2.60020766019318,-2.75276384094235,2.97535560363881,-3.29792165881862,3.77565208142089,-4.5201470213402,5.79304754822964,-8.38071728772209,16.2172341226375,-0.449027976579554,-15.3170583027033,7.47413467956766,-4.87562714145614,3.58720898666968,-2.82214910777401,2.31829877110025,-1.96337845035279,1.70130161670408,-1.50095081927735,1.34368920455913,-1.21768475302353,1.1150730316701,-1.03042995184626,0.959899477454208,-0.90067060753387,0.85065080835204,-0.808254998872674,0.77226515736086,-0.74173454531413,0.715920956159588,-0.694239346545333,0.67622772583964,-0.66152232297309,0.649839392465813,-0.640961884756448,0.634729775550949,-0.63103323539591,0.314904045920625;
1.04711727139116,-2.1078424069765,2.14966031467489,-2.22285768446986,2.33340671037621,-2.49139864675869,2.71364559243623,-3.02900331583801,3.49017688387499,-4.20331606450209,5.41687699019216,-7.87714901652321,15.3170583027033,-0.359354868418711,-14.5968215617308,7.15230163706851,-4.68424510088934,3.45957075384261,-2.73176200803592,2.25205205807232,-1.91388085543094,1.66401073789711,-1.4728993231617,1.32284943658351,-1.20262331722729,1.10475020849368,-1.0240770085404,0.956940427715471,-0.90067060753387,0.85328118949104,-0.813269073148041,0.779481229015303,-0.751023893917363,0.727199357315946,-0.707461195470583,0.691382150985997,-0.678630892653049,0.668955168938483,-0.662169693355941,0.658147648067087,-0.328407534553758;
-0.915734982196269,1.84186880697045,-1.87371940346782,1.92908892627414,-2.01180520633748,2.12816203455801,-2.28824561127074,2.50846818337826,-2.81669119096862,3.26354284106311,-3.95075336238055,5.11620045994941,-7.47413467956766,14.5968215617308,-0.28592689035502,-14.0238553739515,6.89781210356376,-4.53421924720024,3.36071154130856,-2.66289314107227,2.20268926458527,-1.87811204762431,1.63820298594893,-1.45468116075551,1.31060311689408,-1.19520874456375,1.10134463229263,-1.0240770085404,0.959899477454208,-0.906257989399883,0.861254277679815,-0.823454307173377,0.791760939392611,-0.765327209501594,0.743496068920369,-0.72575785567122,0.711719955693855,-0.701085073507434,0.693635761323826,-0.689223654962666,0.34388120148623;
0.809957202210888,-1.62804429676183,1.6528791525436,-1.69581637072332,1.75940773459119,-1.84775906502257,1.96725274945341,-2.12785546398642,2.3455812281954,-2.64744597425965,3.08239220029239,-3.74862309374212,4.87562714145614,-7.15230163706851,14.0238553739515,-0.224170764583989,-13.5747027721608,6.70070317841495,-4.41990967660044,3.28704800889218,-2.61312592975275,2.16852695008531,-1.85488184460732,1.62303727099507,-1.44571256766888,1.30656296487638,-1.19520874456375,1.10475020849368,-1.03042995184626,0.96886881051857,-0.917607799707606,0.874822215812829,-0.839137066297405,0.809504491499909,-0.785120424994126,0.76536686473018,-0.749771348608483,0.737978322374642,-0.729728982843711,0.724847379454708,-0.361615673042922;
-0.723606797749979,1.45369894850323,-1.47346724680425,1.50749316204228,-1.55753651583505,1.626379780806,-1.71824396964768,1.83950952649491,-2,2.21538421128449,-2.51199612029549,2.93745235160448,-3.58720898666968,4.68424510088934,-6.89781210356376,13.5747027721608,-0.170820393249926,-13.232478816876,6.55383027375516,-4.33730531839477,3.23606797749979,-2.58080440456265,2.14845174458463,-1.84344588122451,1.61803398874989,-1.44571256766888,1.31060311689408,-1.20262331722729,1.1150730316701,-1.04333486923805,0.984132075295074,-0.935083720311557,0.894427190999916,-0.860839183476554,0.833317001317786,-0.8110980752988,0.793604493334841,-0.780404410620539,0.771185228464468,-0.765735288886014,0.381966011250105;
0.652269227037864,-1.30980578129255,1.32583269694235,-1.35331813125833,1.39351234523164,-1.44836400832754,1.52077108613654,-1.61500064147087,1.7374032126952,-1.89767507606872,2.11121270048885,-2.40383064177517,2.82214910777401,-3.45957075384261,4.53421924720024,-6.70070317841495,13.232478816876,-0.123450321757147,-12.985175025596,6.45218451981649,-4.28365756973118,3.20610997782636,-2.56489288720397,2.14182878486559,-1.84344588122451,1.62303727099507,-1.45468116075551,1.32284943658351,-1.21768475302353,1.13263955331137,-1.06320527285052,1.00618671058923,-0.959267250375433,0.920737800132668,-0.889322176104192,0.864061598552809,-0.844236735084347,0.829314417439165,-0.818911144909842,0.812768464095634,-0.405368583523584;
-0.59272217661648,1.18979224592071,-1.20300191001509,1.22558713858306,-1.25845991615854,1.30302485791625,-1.3613368321682,1.43635710104864,-1.53237323257713,1.65570726279822,-1.81596199895819,2.02834168041954,-2.31829877110025,2.73176200803592,-3.36071154130856,4.41990967660044,-6.55383027375516,12.985175025596,-0.0801793611480222,-12.8245625358155,6.39245322149966,-4.2572473963531,3.19622661074983,-2.56489288720397,2.14845174458463,-1.85488184460732,1.63820298594893,-1.4728993231617,1.34368920455913,-1.24087566538419,1.15802227672329,-1.09070233661234,1.03578485510369,-0.991006978938941,0.954707721278373,-0.925656801880244,0.902941890140022,-0.885893085551808,0.874032048897642,-0.867038141409711,0.432363454320436;
0.542569513390083,-1.08878113192366,1.09983263917776,-1.11867981951036,1.14600384602313,-1.18284341907405,1.23069739066756,-1.29168748826997,1.36881690260535,-1.4663898966021,1.59071610876979,-1.75134736923088,1.96337845035279,-2.25205205807232,2.66289314107227,-3.28704800889218,4.33730531839477,-6.45218451981649,12.8245625358155,-0.0394725340615278,-12.7454948431824,6.37274742159119,-4.25724739635311,3.20610997782636,-2.58080440456265,2.16852695008531,-1.87811204762431,1.66401073789711,-1.50095081927735,1.37380160115626,-1.27296771586856,1.19208683982744,-1.12679091994938,1.07399934987812,-1.0314960937825,0.997666828182368,-0.971330583355603,0.951629603536328,-0.937956577046119,0.929906935473046,-0.463624445267025;
-0.5,1.00309219848283,-1.012465125788,1.02841519366521,-1.05146222423827,1.08239220029239,-1.12232623763436,1.17282769661401,-1.23606797749979,1.31508699989079,-1.4142135623731,1.53976904322237,-1.70130161670408,1.91388085543094,-2.20268926458527,2.61312592975275,-3.23606797749979,4.28365756973118,-6.39245322149966,12.7454948431824,-6.43929354282591e-15,-12.7454948431824,6.39245322149967,-4.28365756973119,3.23606797749979,-2.61312592975275,2.20268926458527,-1.91388085543094,1.70130161670408,-1.53976904322237,1.41421356237309,-1.31508699989078,1.23606797749979,-1.17282769661401,1.12232623763436,-1.08239220029239,1.05146222423827,-1.02841519366521,1.012465125788,-1.00309219848283,0.5;
0.463624445267026,-0.929906935473046,0.937956577046119,-0.951629603536328,0.971330583355603,-0.997666828182368,1.0314960937825,-1.07399934987812,1.12679091994938,-1.19208683982744,1.27296771586856,-1.37380160115626,1.50095081927735,-1.66401073789711,1.87811204762431,-2.16852695008531,2.58080440456265,-3.20610997782636,4.2572473963531,-6.37274742159119,12.7454948431824,0.0394725340615613,-12.8245625358155,6.45218451981649,-4.33730531839477,3.28704800889218,-2.66289314107227,2.25205205807232,-1.96337845035279,1.75134736923088,-1.59071610876979,1.4663898966021,-1.36881690260535,1.29168748826997,-1.23069739066756,1.18284341907405,-1.14600384602313,1.11867981951036,-1.09983263917776,1.08878113192366,-0.542569513390083;
-0.432363454320436,0.867038141409711,-0.874032048897642,0.885893085551808,-0.902941890140022,0.925656801880245,-0.954707721278373,0.991006978938942,-1.03578485510369,1.09070233661234,-1.15802227672329,1.24087566538419,-1.34368920455913,1.4728993231617,-1.63820298594893,1.85488184460732,-2.14845174458463,2.56489288720397,-3.19622661074983,4.25724739635311,-6.39245322149967,12.8245625358155,0.080179361147967,-12.985175025596,6.55383027375515,-4.41990967660043,3.36071154130855,-2.73176200803592,2.31829877110025,-2.02834168041954,1.81596199895819,-1.65570726279822,1.53237323257713,-1.43635710104864,1.3613368321682,-1.30302485791625,1.25845991615854,-1.22558713858306,1.20300191001509,-1.18979224592071,0.59272217661648;
0.405368583523584,-0.812768464095634,0.818911144909842,-0.829314417439165,0.844236735084347,-0.864061598552809,0.889322176104192,-0.920737800132668,0.959267250375433,-1.00618671058923,1.06320527285052,-1.13263955331137,1.21768475302353,-1.32284943658351,1.45468116075551,-1.62303727099507,1.84344588122451,-2.14182878486559,2.56489288720397,-3.20610997782636,4.28365756973119,-6.45218451981649,12.985175025596,0.123450321757176,-13.232478816876,6.70070317841495,-4.53421924720024,3.45957075384261,-2.822149107774,2.40383064177518,-2.11121270048885,1.89767507606872,-1.7374032126952,1.61500064147087,-1.52077108613654,1.44836400832754,-1.39351234523164,1.35331813125833,-1.32583269694235,1.30980578129255,-0.652269227037864;
-0.381966011250105,0.765735288886014,-0.771185228464468,0.780404410620539,-0.793604493334841,0.8110980752988,-0.833317001317786,0.860839183476554,-0.894427190999916,0.935083720311557,-0.984132075295074,1.04333486923805,-1.1150730316701,1.20262331722729,-1.31060311689408,1.44571256766888,-1.61803398874989,1.84344588122451,-2.14845174458463,2.58080440456265,-3.23606797749979,4.33730531839477,-6.55383027375515,13.232478816876,0.17082039324992,-13.5747027721608,6.89781210356376,-4.68424510088934,3.58720898666968,-2.93745235160448,2.51199612029549,-2.21538421128449,2,-1.83950952649491,1.71824396964768,-1.626379780806,1.55753651583505,-1.50749316204228,1.47346724680425,-1.45369894850323,0.723606797749979;
0.361615673042922,-0.724847379454708,0.729728982843711,-0.737978322374642,0.749771348608483,-0.76536686473018,0.785120424994126,-0.809504491499909,0.839137066297405,-0.874822215812829,0.917607799707606,-0.96886881051857,1.03042995184626,-1.10475020849368,1.19520874456375,-1.30656296487638,1.44571256766888,-1.62303727099507,1.85488184460732,-2.16852695008531,2.61312592975275,-3.28704800889218,4.41990967660043,-6.70070317841495,13.5747027721608,0.224170764583991,-14.0238553739515,7.15230163706851,-4.87562714145614,3.74862309374213,-3.08239220029239,2.64744597425965,-2.3455812281954,2.12785546398642,-1.96725274945341,1.84775906502257,-1.75940773459119,1.69581637072332,-1.6528791525436,1.62804429676182,-0.809957202210887;
-0.34388120148623,0.689223654962666,-0.693635761323826,0.701085073507434,-0.711719955693855,0.72575785567122,-0.743496068920369,0.765327209501594,-0.791760939392611,0.823454307173377,-0.861254277679815,0.906257989399883,-0.959899477454208,1.0240770085404,-1.10134463229263,1.19520874456375,-1.31060311689408,1.45468116075551,-1.63820298594893,1.87811204762431,-2.20268926458527,2.66289314107227,-3.36071154130855,4.53421924720024,-6.89781210356376,14.0238553739515,0.28592689035502,-14.5968215617308,7.47413467956766,-5.11620045994941,3.95075336238055,-3.26354284106311,2.81669119096862,-2.50846818337826,2.28824561127074,-2.12816203455801,2.01180520633748,-1.92908892627414,1.87371940346782,-1.84186880697045,0.915734982196269;
0.328407534553758,-0.658147648067087,0.662169693355941,-0.668955168938483,0.678630892653049,-0.691382150985997,0.707461195470583,-0.727199357315946,0.751023893917363,-0.779481229015303,0.813269073148041,-0.85328118949104,0.90067060753387,-0.956940427715471,1.0240770085404,-1.10475020849368,1.20262331722729,-1.32284943658351,1.4728993231617,-1.66401073789711,1.91388085543094,-2.25205205807232,2.73176200803592,-3.45957075384261,4.68424510088934,-7.15230163706851,14.5968215617308,0.359354868418705,-15.3170583027033,7.87714901652322,-5.41687699019216,4.20331606450209,-3.49017688387499,3.02900331583801,-2.71364559243623,2.49139864675869,-2.33340671037621,2.22285768446986,-2.14966031467489,2.1078424069765,-1.04711727139116;
-0.314904045920625,0.63103323539591,-0.634729775550949,0.640961884756448,-0.649839392465813,0.66152232297309,-0.67622772583964,0.694239346545333,-0.715920956159588,0.74173454531413,-0.77226515736086,0.808254998872674,-0.85065080835204,0.90067060753387,-0.959899477454208,1.03042995184626,-1.1150730316701,1.21768475302353,-1.34368920455913,1.50095081927735,-1.70130161670408,1.96337845035279,-2.31829877110025,2.822149107774,-3.58720898666968,4.87562714145614,-7.47413467956766,15.3170583027033,0.449027976579583,-16.2172341226376,8.38071728772209,-5.79304754822964,4.5201470213402,-3.77565208142089,3.29792165881862,-2.97535560363881,2.75276384094235,-2.60020766019317,2.50060584489199,-2.44419845170477,1.2129599990798;
0.303131705485465,-0.60739858289947,0.610822657638462,-0.616592009265005,0.624802966578287,-0.635595544231904,0.649159032560798,-0.665739862383295,0.685652361022806,-0.709293295702528,0.737161505190503,-0.769884521611183,0.808254998872674,-0.85328118949104,0.906257989399883,-0.96886881051857,1.04333486923805,-1.13263955331137,1.24087566538419,-1.37380160115626,1.53976904322237,-1.75134736923088,2.02834168041954,-2.40383064177518,2.93745235160448,-3.74862309374213,5.11620045994941,-7.87714901652322,16.2172341226376,0.561595203155394,-17.3434265801703,9.01242583319243,-6.26688353083106,4.92145079035613,-4.13978435841385,3.64389677439517,-3.31555677712651,3.09672427450499,-2.95647805086648,2.87795221623789,-1.42632211179628;
-0.292893218813452,0.586846155077528,-0.590041821071996,0.595423562027812,-0.603076911374608,0.613125929752753,-0.625737860160923,0.64112964148385,-0.659576754958315,0.681425086214553,-0.707106781186548,0.737161505190503,-0.77226515736086,0.813269073148041,-0.861254277679815,0.917607799707606,-0.984132075295074,1.06320527285052,-1.15802227672329,1.27296771586856,-1.41421356237309,1.59071610876979,-1.81596199895819,2.11121270048885,-2.51199612029549,3.08239220029239,-3.95075336238055,5.41687699019216,-8.38071728772209,17.3434265801703,0.70710678118657,-18.7620131715754,9.81255920004127,-6.87127570482405,5.43774550022129,-4.61312592975275,4.09920510696518,-3.76984153536718,3.56402609675347,-3.45052997971588,1.70710678118655;
0.284025395147747,-0.569047255208796,0.572051517161314,-0.577108677516143,0.584295601322591,-0.593723570689978,0.605542228960696,-0.619945072512242,0.637176864046862,-0.657543499945393,0.681425086214553,-0.709293295702528,0.74173454531413,-0.779481229015303,0.823454307173377,-0.874822215812829,0.935083720311557,-1.00618671058923,1.09070233661234,-1.19208683982744,1.31508699989078,-1.4663898966021,1.65570726279822,-1.89767507606872,2.21538421128449,-2.64744597425965,3.26354284106311,-4.20331606450209,5.79304754822964,-9.01242583319243,18.7620131715754,0.901418958085192,-20.5714634148209,10.8419654911998,-7.65693509131211,6.11719691993302,-5.2451985916324,4.71778327100315,-4.3998132280232,4.22812657122362,-2.08686331131817;
-0.276393202250021,0.553729991415366,-0.556574292142707,0.561360360125717,-0.568158087680825,0.577068500331555,-0.588227156319047,0.601808859755929,-0.618033988749895,0.637176864046862,-0.659576754958315,0.685652361022805,-0.715920956159588,0.751023893917363,-0.791760939392611,0.839137066297405,-0.894427190999916,0.959267250375433,-1.03578485510369,1.12679091994938,-1.23606797749979,1.36881690260535,-1.53237323257713,1.7374032126952,-2,2.3455812281954,-2.81669119096862,3.49017688387499,-4.5201470213402,6.26688353083106,-9.81255920004127,20.5714634148209,1.17082039324993,-22.9235977229091,12.1966792866803,-8.70605870482351,7.0402940426804,-6.1217146478347,5.59686833482311,-5.32197016469339,2.61803398874989;
0.269885112943301,-0.540669863485824,0.543381248136233,-0.547942177610496,0.554416943119309,-0.562898346561804,0.573510681132262,-0.586413848307004,0.601808859755929,-0.619945072512242,0.64112964148385,-0.665739862383295,0.694239346545333,-0.727199357315946,0.765327209501594,-0.809504491499909,0.860839183476554,-0.920737800132668,0.991006978938941,-1.07399934987812,1.17282769661401,-1.29168748826997,1.43635710104864,-1.61500064147087,1.83950952649491,-2.12785546398642,2.50846818337826,-3.02900331583801,3.77565208142089,-4.92145079035613,6.87127570482405,-10.8419654911998,22.9235977229091,1.56158485144928,-26.064500367497,14.0371823314523,-10.1609131031281,8.35214263391614,-7.40476493525625,6.93110354399083,-3.39305481584177;
-0.264409452640362,0.529682378769739,-0.532284416562365,0.53666021318744,-0.54286958590598,0.550998778302637,-0.56116311881718,0.573510681132262,-0.588227156319047,0.605542228960696,-0.625737860160923,0.649159032560798,-0.67622772583964,0.707461195470583,-0.743496068920369,0.785120424994126,-0.833317001317786,0.889322176104192,-0.954707721278373,1.0314960937825,-1.12232623763436,1.23069739066756,-1.3613368321682,1.52077108613654,-1.71824396964768,1.96725274945341,-2.28824561127074,2.71364559243623,-3.29792165881862,4.13978435841385,-5.43774550022129,7.65693509131211,-12.1966792866803,26.064500367497,2.16151054551916,-30.4200939012571,16.6527915311249,-12.2905390702655,10.3432065838802,-9.44190686765904,4.58743054367882;
0.259891532474145,-0.520617259208269,0.523130783933366,-0.527356777066403,0.533351524515509,-0.541196100146197,0.550998778302637,-0.562898346561804,0.577068500331555,-0.593723570689978,0.613125929752753,-0.635595544231904,0.66152232297309,-0.691382150985997,0.72575785567122,-0.76536686473018,0.8110980752988,-0.864061598552809,0.925656801880244,-0.997666828182368,1.08239220029239,-1.18284341907405,1.30302485791625,-1.44836400832754,1.626379780806,-1.84775906502257,2.12816203455801,-2.49139864675869,2.97535560363881,-3.64389677439517,4.61312592975275,-6.11719691993302,8.70605870482351,-14.0371823314523,30.4200939012571,3.15432202989903,-36.7958419504093,20.6226438597056,-15.6718175754968,13.6915403157148,-6.56853559227204;
-0.256271407734229,0.513353913855405,-0.515797628783387,0.519905508691778,-0.525731112119134,0.533351524515509,-0.54286958590598,0.554416943119309,-0.568158087680825,0.584295601322591,-0.603076911374608,0.624802966578287,-0.649839392465813,0.678630892653049,-0.711719955693855,0.749771348608483,-0.793604493334841,0.844236735084347,-0.902941890140022,0.971330583355603,-1.05146222423827,1.14600384602313,-1.25845991615854,1.39351234523164,-1.55753651583505,1.75940773459119,-2.01180520633748,2.33340671037621,-2.75276384094235,3.31555677712651,-4.09920510696518,5.2451985916324,-7.0402940426804,10.1609131031281,-16.6527915311249,36.7958419504093,4.9797965697655,-46.9188307597294,27.298667732484,-21.8051063165735,10.2158645472653;
0.253502142183951,-0.507797934456939,0.510188916268987,-0.514207596832604,0.519905508691778,-0.527356777066403,0.53666021318744,-0.547942177610496,0.561360360125717,-0.577108677516143,0.595423562027812,-0.616592009265005,0.640961884756448,-0.668955168938483,0.701085073507434,-0.737978322374642,0.780404410620539,-0.829314417439165,0.885893085551808,-0.951629603536328,1.02841519366521,-1.11867981951036,1.22558713858306,-1.35331813125833,1.50749316204228,-1.69581637072332,1.92908892627414,-2.22285768446986,2.60020766019317,-3.09672427450499,3.76984153536718,-4.71778327100315,6.1217146478347,-8.35214263391614,12.2905390702655,-20.6226438597056,46.9188307597294,8.92135894517383,-65.2808832183453,40.7374897849542,-18.0962200325313;
-0.251548489664277,0.503878434358741,-0.506232562894001,0.510188916268987,-0.515797628783387,0.523130783933366,-0.532284416562365,0.543381248136233,-0.556574292142707,0.572051517161314,-0.590041821071996,0.610822657638462,-0.634729775550949,0.662169693355941,-0.693635761323826,0.729728982843711,-0.771185228464468,0.818911144909842,-0.874032048897642,0.937956577046119,-1.012465125788,1.09983263917776,-1.20300191001509,1.32583269694235,-1.47346724680425,1.6528791525436,-1.87371940346782,2.14966031467489,-2.50060584489199,2.95647805086648,-3.56402609675347,4.3998132280232,-5.59686833482311,7.40476493525625,-10.3432065838802,15.6718175754968,-27.298667732484,65.2808832183453,20.1801806048659,-108.354181766979,40.6119096993969;
0.250385928127169,-0.501546099241413,0.503878434358741,-0.507797934456939,0.513353913855405,-0.520617259208269,0.529682378769739,-0.540669863485824,0.553729991415366,-0.569047255208796,0.586846155077528,-0.60739858289947,0.63103323539591,-0.658147648067087,0.689223654962666,-0.724847379454708,0.765735288886014,-0.812768464095634,0.867038141409711,-0.929906935473046,1.00309219848283,-1.08878113192366,1.18979224592071,-1.30980578129255,1.45369894850323,-1.62804429676182,1.84186880697045,-2.1078424069765,2.44419845170477,-2.87795221623789,3.45052997971588,-4.22812657122362,5.32197016469339,-6.93110354399083,9.44190686765904,-13.6915403157148,21.8051063165735,-40.7374897849542,108.354181766979,80.973433470667,-162.197252869461;
-0.5,1.00154371250867,-1.00619395865711,1.0140085687358,-1.02508563093692,1.03956612989658,-1.05763781056145,1.0795404517732,-1.10557280900008,1.13610158059099,-1.17157287525381,1.21252682194186,-1.2596161836825,1.31363013821503,-1.37552480594492,1.44646269217169,-1.52786404500042,1.62147433409434,-1.72945381728174,1.8544977810681,-2,2.17027805356033,-2.37088870646592,2.60907690815146,-2.89442719099992,3.23982880884355,-3.66293992878508,4.18846908556465,-4.85183999631918,5.70528844718512,-6.82842712474619,8.34745324527269,-10.4721359549996,13.5722192633671,-18.3497221747153,26.2741423690882,-40.8634581890614,72.3848801301252,-162.447638797588,648.789011477843,-533.499999999998;
];
DM = unit_DM*2/tau_max; % differentiation matrix for Chebyshev type II nodes (extrema) in the delay interval [-tau_max, 0]

% kmrgd has length dim_d+M*dim
% kmrgd(i), i in 1:dim_d = value of the i-th differential component of the state
%     (i.e. the ind_d(i)-th component of the full state) at the current time
% kmrgd(dim_d+(m-1)*dim+i), m in 1:M, i in 1:dim_d = value of the i-th component
%     of the (full) state at the m-th node in the past
% kmrgd([i,(dim_d+ind_d(i)):dim:(dim_d+M*dim))]), i in 1:dim_d = values of the
%     i-th differential component of the state (i.e. the ind_d(i)-th component of
%     the full state) at all nodes (length M+1); equivalent to kmrgd(ind_d_all(i:dim_d:end))
% kmrgd(dim_d+(m-1)*dim+(1:dim)), m in 1:M = values of the (full) state at the m-th node in the past
% kmrgd(ind_d_all) = values of the differential components of the state at all the nodes
%     (M+1 blocks of length dim_d)
% kmrgd(ind_r_all) = values of the (integrated) renewal components of the state at
%     the nodes in the past (value at current time is always 0) (M blocks of length dim_r)

% values of the derivative of the renewal part of the (integrated) state at all the nodes
%     (M+1 blocks of length dim_r):
%kmrgd_r_der = reshape(transpose(DM(:,2:end)*transpose(reshape(kmrgd,dim_r,M))),(M+1)*dim_r,1); % only renewal equations
%kmrgd_r_der = reshape(transpose(DM(:,2:end)*transpose(reshape(kmrgd(ind_r_all),dim_r,M))),(M+1)*dim_r,1); % coupled differential and renewal equations
% equivalent to kron(DM(:,2:end),eye(dim_r))*kmrgd(ind_r_all)

% kmrgd_r_der(i), i in 1:dim_r = value of the derivative of the i-th (integrated)
%     renewal component of the state (i.e. the ind_r(i)-th component of the full state)
%     at the current time (i.e. true value of the i-th component)
% kmrgd_r_der(m*dim_r+i), m in 1:M, i in 1:dim_r = value of the same at m-th node in the past
% kmrgd_r_der(i:dim_r:(M+1)*dim_r), i in 1:dim_r = values of the same at all nodes (length M+1)

% renewal part of the right-hand side:
%F_r = [
%];
% F_r extended with 0 for the differential part:
% (ind_r_all-dim_d removes the offset in the indices due to the first block in kmrgd)
%F_r0 = repmat(F_r,M,1); % only renewal equations
%F_r0 = zeros(M*dim,1); F_r0(ind_r_all-dim_d) = repmat(F_r,M,1); % coupled differential and renewal equations

% kmrgd with added zeros for the renewal components at current time (M+1 blocks of length dim):
kmrgd0 = kmrgd; % only differential equations
%kmrgd0 = [zeros(dim_r,1); kmrgd]; % only renewal equations
%kmrgd0 = zeros((M+1)*dim,1); kmrgd0([ind_d,dim+1:end]) = kmrgd; % coupled differential and renewal equations

dydt=[
par_beta*kmrgd(dim_d+(M-1)*dim+1)/(1+kmrgd(dim_d+(M-1)*dim+1)^par_n)-par_gamma*kmrgd(1);
reshape(transpose(DM(2:end,:)*transpose(reshape(kmrgd0,dim,M+1))),M*dim,1); % only differential equations
%reshape(transpose(DM(2:end,:)*transpose(reshape(kmrgd0,dim,M+1))),M*dim,1)-F_r0; % only/also renewal equations
];
% in the last line, reshape(...) is equivalent to kron(DM(2:end,:),eye(dim))*kmrgd0

% --------------------------------------------------------------------------
function [tspan,y0,options] = init
handles = feval(MackeyGlass40);
y0=[0,0,0,0,0,0,0,0,0,0,0,0,0,0,0,0,0,0,0,0,0,0,0,0,0,0,0,0,0,0,0,0,0,0,0,0,0,0,0,0,0];
options = odeset('Jacobian',[],'JacobianP',[],'Hessians',[],'HessiansP',[]);
tspan = [0 10];

% --------------------------------------------------------------------------
function jac = jacobian(t,kmrgd,par_beta,par_gamma,par_n,par_tau)
M = 40; % degree of collocation polynomials

dim = 1; % total dimension of the delay equation
dim_d = 1; % dimension of the differential part
dim_r = 0; % dimension of the renewal part
ind_d = [1]; % indices of differential equations
%ind_r = []; % indices of renewal equations
% indices of all components of differential part in kmrgd:
ind_d_all = [1,2,3,4,5,6,7,8,9,10,11,12,13,14,15,16,17,18,19,20,21,22,23,24,25,26,27,28,29,30,31,32,33,34,35,36,37,38,39,40,41];
% indices of all components of renewal part in kmrgd:
%ind_r_all = [];

delays = -[-par_tau];
if any(delays < 0)
    % the equation is advanced instead of delayed: we need to stop
    jac = NaN(length(kmrgd));
    return
else
    tau_max = max(delays);
    if tau_max == 0
        % the equation is not delayed: we need to stop
        jac = NaN(length(kmrgd));
        return
    end
end

% Chebyshev type II nodes (extrema) in [-1, 1]:
unit_nodes = [1;0.996917333733128;0.987688340595138;0.972369920397677;0.951056516295154;0.923879532511287;0.891006524188368;0.852640164354092;0.809016994374947;0.760405965600031;0.707106781186548;0.649448048330184;0.587785252292473;0.522498564715949;0.453990499739547;0.38268343236509;0.309016994374947;0.233445363855905;0.156434465040231;0.078459095727845;6.12323399573677e-17;-0.0784590957278449;-0.156434465040231;-0.233445363855905;-0.309016994374947;-0.38268343236509;-0.453990499739547;-0.522498564715949;-0.587785252292473;-0.649448048330184;-0.707106781186547;-0.760405965600031;-0.809016994374947;-0.852640164354092;-0.891006524188368;-0.923879532511287;-0.951056516295154;-0.972369920397677;-0.987688340595138;-0.996917333733128;-1];
nodes = (unit_nodes-1)*tau_max/2; % Chebyshev type II nodes (extrema) in the delay interval [-tau_max, 0]
% weights for barycentric interpolation on Chebyshev type II nodes (extrema) (scaling-independent):
weights = [0.5;-1;1;-1;1;-1;1;-1;1;-1;1;-1;1;-1;1;-1;1;-1;1;-1;1;-1;1;-1;1;-1;1;-1;1;-1;1;-1;1;-1;1;-1;1;-1;1;-1;0.5];
% differentiation matrix for Chebyshev type II nodes (extrema) in [-1, 1]:
unit_DM = [
533.499999999997,-648.789011477843,162.447638797589,-72.3848801301252,40.8634581890614,-26.2741423690882,18.3497221747153,-13.5722192633671,10.4721359549996,-8.3474532452727,6.82842712474619,-5.70528844718512,4.85183999631918,-4.18846908556466,3.66293992878508,-3.23982880884355,2.89442719099992,-2.60907690815146,2.37088870646592,-2.17027805356033,2,-1.8544977810681,1.72945381728175,-1.62147433409434,1.52786404500042,-1.44646269217169,1.37552480594492,-1.31363013821503,1.2596161836825,-1.21252682194186,1.17157287525381,-1.13610158059099,1.10557280900008,-1.0795404517732,1.05763781056145,-1.03956612989658,1.02508563093692,-1.0140085687358,1.00619395865711,-1.00154371250867,0.5;
162.197252869461,-80.9734334706657,-108.35418176698,40.7374897849542,-21.8051063165735,13.6915403157148,-9.44190686765905,6.93110354399083,-5.32197016469339,4.22812657122362,-3.45052997971588,2.87795221623789,-2.44419845170477,2.1078424069765,-1.84186880697045,1.62804429676183,-1.45369894850323,1.30980578129255,-1.18979224592071,1.08878113192366,-1.00309219848283,0.929906935473046,-0.867038141409711,0.812768464095634,-0.765735288886014,0.724847379454708,-0.689223654962666,0.658147648067087,-0.63103323539591,0.60739858289947,-0.586846155077528,0.569047255208796,-0.553729991415366,0.540669863485824,-0.529682378769739,0.520617259208269,-0.513353913855405,0.507797934456939,-0.503878434358741,0.501546099241413,-0.250385928127169;
-40.6119096993973,108.35418176698,-20.1801806048673,-65.2808832183448,27.2986677324839,-15.6718175754968,10.3432065838802,-7.40476493525625,5.59686833482311,-4.3998132280232,3.56402609675347,-2.95647805086648,2.50060584489199,-2.14966031467489,1.87371940346782,-1.6528791525436,1.47346724680425,-1.32583269694235,1.20300191001509,-1.09983263917776,1.012465125788,-0.937956577046119,0.874032048897642,-0.818911144909842,0.771185228464468,-0.729728982843711,0.693635761323826,-0.662169693355941,0.634729775550949,-0.610822657638462,0.590041821071996,-0.572051517161314,0.556574292142707,-0.543381248136233,0.532284416562365,-0.523130783933366,0.515797628783387,-0.510188916268987,0.506232562894001,-0.503878434358741,0.251548489664277;
