function F = HastyV2_syms_multilinearforms
F.A = @A;
F.J1 = @J1;
F.B = @B;
F.A1 = @A1;
F.J2 = @J2;
F.C = @C;
F.J3 = @J3;
F.B1 = @B1;
F.A2 = @A2;

function A = A(in1,in2)
%A
%    A = A(IN1,IN2)

%    This function was generated by the Symbolic Math Toolbox version 23.2.
%    25-Apr-2026 12:11:43

T = in2(:,5);
a = in2(:,2);
f = in2(:,3);
g = in2(:,4);
s = in2(:,1);
x = in1(:,1);
y = in1(:,2);
t2 = x.*2.0;
t3 = x.^2;
t4 = x.^3;
t6 = y.^3;
t7 = y.^4;
t8 = 1.0./T;
t5 = t3.^2;
t9 = t7+1.0;
t12 = s.*t4.*4.0;
t10 = s.*t5;
t13 = a.*t12;
t14 = 1.0./t9;
t16 = t2+t12;
t11 = a.*t10;
t15 = t14.^2;
t17 = t3+t10+1.0;
t18 = t2+t13;
t19 = t3+t11+1.0;
t20 = 1.0./t17;
t21 = t20.^2;
t22 = t14.*t18.*t20;
t23 = t6.*t15.*t19.*t20.*4.0;
t24 = t14.*t16.*t19.*t21;
t25 = -t24;
A = reshape([-f+t22+t25,t8.*(t22+t25),-t23,-t8.*(g+t23)],[2,2]);
end

function J1 = J1(in1,in2)
%J1
%    J1 = J1(IN1,IN2)

%    This function was generated by the Symbolic Math Toolbox version 23.2.
%    25-Apr-2026 12:11:43

T = in2(:,5);
a = in2(:,2);
g = in2(:,4);
s = in2(:,1);
x = in1(:,1);
y = in1(:,2);
t2 = x.^2;
t4 = y.^4;
t5 = 1.0./T;
t3 = t2.^2;
t6 = t4+1.0;
t7 = s.*t3;
t9 = 1.0./t6;
t8 = a.*t7;
t10 = t2+t7+1.0;
t11 = t2+t8+1.0;
t12 = 1.0./t10;
t13 = t12.^2;
t14 = a.*t3.*t9.*t12;
t15 = t3.*t9.*t11.*t13;
J1 = reshape([t14-t15,t5.*(t14-t15),t7.*t9.*t12,t5.*t7.*t9.*t12,-x,0.0,0.0,-t5.*y,0.0,t5.^2.*(g.*y-t9.*t11.*t12)],[2,5]);
end

function B = B(in1,in2,in3,in4)
%B
%    B = B(IN1,IN2,IN3,IN4)

%    This function was generated by the Symbolic Math Toolbox version 23.2.
%    25-Apr-2026 12:11:43

T = in2(:,5);
a = in2(:,2);
s = in2(:,1);
v11 = in3(1,:);
v12 = in3(2,:);
v21 = in4(1,:);
v22 = in4(2,:);
x = in1(:,1);
y = in1(:,2);
t2 = x.*2.0;
t3 = x.^2;
t4 = x.^3;
t6 = y.^2;
t7 = y.^3;
t10 = 1.0./T;
t5 = t3.^2;
t8 = t6.^2;
t9 = t6.^3;
t14 = s.*t4.*4.0;
t16 = s.*t3.*1.2e+1;
t11 = t8+1.0;
t12 = s.*t5;
t15 = a.*t14;
t17 = a.*t16;
t21 = t16+2.0;
t23 = t2+t14;
t13 = a.*t12;
t18 = 1.0./t11;
t22 = t17+2.0;
t24 = t3+t12+1.0;
t25 = t2+t15;
t27 = t23.^2;
t19 = t18.^2;
t20 = t18.^3;
t26 = t3+t13+1.0;
t28 = 1.0./t24;
t29 = t28.^2;
t30 = t28.^3;
t31 = t18.*t22.*t28;
t32 = t7.*t19.*t25.*t28.*4.0;
t33 = t18.*t21.*t26.*t29;
t34 = t18.*t23.*t25.*t29.*2.0;
t37 = t18.*t26.*t27.*t30.*2.0;
t38 = t7.*t19.*t23.*t26.*t29.*4.0;
t35 = -t33;
t36 = -t34;
t39 = -t38;
t40 = t32+t39;
t41 = t31+t35+t36+t37;
B = [v21.*(t38.*v12+t41.*v11-t7.*t19.*t25.*t28.*v12.*4.0)-v22.*(t40.*v11+t6.*t19.*t26.*t28.*v12.*1.2e+1-t9.*t20.*t26.*t28.*v12.*3.2e+1);-v21.*(t10.*t40.*v12-t10.*t41.*v11)-v22.*(t10.*v12.*(t6.*t19.*t26.*t28.*1.2e+1-t9.*t20.*t26.*t28.*3.2e+1)+t10.*t40.*v11)];
end

function J2 = J2(in1,in2,in3,in4)
%J2
%    J2 = J2(IN1,IN2,IN3,IN4)

%    This function was generated by the Symbolic Math Toolbox version 23.2.
%    25-Apr-2026 12:11:44

T = in2(:,5);
a = in2(:,2);
g = in2(:,4);
p11 = in3(1,:);
p12 = in3(2,:);
p14 = in3(4,:);
p15 = in3(5,:);
p21 = in4(1,:);
p22 = in4(2,:);
p24 = in4(4,:);
p25 = in4(5,:);
s = in2(:,1);
x = in1(:,1);
y = in1(:,2);
t2 = x.^2;
t4 = y.^4;
t5 = 1.0./T;
t3 = t2.^2;
t6 = t5.^2;
t8 = t4+1.0;
t7 = t3.^2;
t9 = s.*t3;
t11 = 1.0./t8;
t10 = a.*t9;
t12 = t2+t9+1.0;
t13 = t2+t10+1.0;
t14 = 1.0./t12;
t15 = t14.^2;
t16 = t14.^3;
t17 = t3.*t11.*t14;
t18 = a.*t17;
t19 = s.*t7.*t11.*t15;
t21 = a.*t7.*t11.*t15.*2.0;
t24 = t3.*t11.*t13.*t15;
t25 = t7.*t11.*t13.*t16.*2.0;
t23 = -t19;
t26 = t17+t23;
J2 = [-p21.*(-p12.*t17+p12.*t19+p11.*(t21-t25))+p11.*p22.*t26;-p25.*(-p14.*t6.*y+p11.*t6.*(t18-t24)+p15.*t5.^3.*(g.*y-t11.*t13.*t14).*2.0+p12.*t6.*t9.*t11.*t14)-p21.*(-p12.*t5.*t17+p12.*t5.*t19+p11.*t5.*(t21-t25)+p15.*t6.*(t18-t24))+p22.*(p11.*t5.*t26-p15.*t6.*t9.*t11.*t14)+p15.*p24.*t6.*y];
end

function A1 = A1(in1,in2,in3,in4)
%A1
%    A1 = A1(IN1,IN2,IN3,IN4)

%    This function was generated by the Symbolic Math Toolbox version 23.2.
%    25-Apr-2026 12:11:44

T = in2(:,5);
a = in2(:,2);
g = in2(:,4);
p11 = in4(1,:);
p12 = in4(2,:);
p13 = in4(3,:);
p14 = in4(4,:);
p15 = in4(5,:);
s = in2(:,1);
v11 = in3(1,:);
v12 = in3(2,:);
x = in1(:,1);
y = in1(:,2);
t2 = x.*2.0;
t3 = x.^2;
t4 = x.^3;
t6 = y.^3;
t7 = y.^4;
t8 = 1.0./T;
t5 = t3.^2;
t9 = t8.^2;
t10 = t7+1.0;
t13 = s.*t4.*4.0;
t11 = s.*t5;
t14 = a.*t13;
t15 = 1.0./t10;
t17 = t2+t13;
t12 = a.*t11;
t16 = t15.^2;
t18 = t3+t11+1.0;
t19 = t2+t14;
t20 = t3+t12+1.0;
t21 = 1.0./t18;
t22 = t21.^2;
t23 = t21.^3;
t24 = a.*t4.*t15.*t21.*4.0;
t26 = -t24;
t27 = t5.*t15.*t19.*t22;
t28 = a.*t5.*t15.*t17.*t22;
t29 = t11.*t15.*t17.*t22;
t30 = t4.*t15.*t20.*t22.*4.0;
t33 = t5.*t15.*t17.*t20.*t23.*-2.0;
t35 = t26+t27+t28+t30+t33;
A1 = [-p13.*v11-p11.*(t35.*v11+a.*t5.*t6.*t16.*t21.*v12.*4.0-t5.*t6.*t16.*t20.*t22.*v12.*4.0)-p12.*(v11.*(t29-s.*t4.*t15.*t21.*4.0)+t6.*t11.*t16.*t21.*v12.*4.0);p15.*(t9.*v12.*(g+t6.*t16.*t20.*t21.*4.0)-t9.*v11.*(t15.*t19.*t21-t15.*t17.*t20.*t22))-p12.*(t8.*v11.*(t29-s.*t4.*t15.*t21.*4.0)+t6.*t8.*t11.*t16.*t21.*v12.*4.0)-p11.*(t8.*t35.*v11+t8.*v12.*(a.*t5.*t6.*t16.*t21.*4.0-t5.*t6.*t16.*t20.*t22.*4.0))-p14.*t8.*v12];
end

function C = C(in1,in2,in3,in4,in5)
%C
%    C = C(IN1,IN2,IN3,IN4,IN5)

%    This function was generated by the Symbolic Math Toolbox version 23.2.
%    25-Apr-2026 12:11:44

T = in2(:,5);
a = in2(:,2);
s = in2(:,1);
v11 = in3(1,:);
v12 = in3(2,:);
v21 = in4(1,:);
v22 = in4(2,:);
v31 = in5(1,:);
v32 = in5(2,:);
x = in1(:,1);
y = in1(:,2);
t2 = x.*2.0;
t3 = x.^2;
t4 = x.^3;
t6 = y.^2;
t7 = y.^3;
t9 = y.^5;
t11 = 1.0./T;
t5 = t3.^2;
t8 = t6.^2;
t10 = t6.^3;
t12 = t7.^3;
t16 = s.*t4.*4.0;
t18 = s.*t3.*1.2e+1;
t13 = t8+1.0;
t14 = s.*t5;
t17 = a.*t16;
t19 = a.*t18;
t24 = t18+2.0;
t26 = t2+t16;
t15 = a.*t14;
t20 = 1.0./t13;
t25 = t19+2.0;
t27 = t3+t14+1.0;
t28 = t2+t17;
t30 = t26.^2;
t31 = t26.^3;
t21 = t20.^2;
t22 = t20.^3;
t29 = t3+t15+1.0;
t32 = 1.0./t27;
t23 = t21.^2;
t33 = t32.^2;
t34 = t32.^3;
t36 = a.*s.*t20.*t32.*x.*2.4e+1;
t38 = t7.*t21.*t25.*t32.*4.0;
t40 = t6.*t21.*t28.*t32.*1.2e+1;
t41 = t10.*t22.*t28.*t32.*3.2e+1;
t45 = t10.*t22.*t28.*t32.*v12.*-3.2e+1;
t35 = t33.^2;
t37 = -t36;
t39 = s.*t20.*t29.*t33.*x.*2.4e+1;
t42 = -t41;
t43 = t40.*v12;
t46 = t20.*t24.*t28.*t33.*3.0;
t47 = t20.*t25.*t26.*t33.*3.0;
t48 = t7.*t21.*t24.*t29.*t33.*4.0;
t49 = t20.*t28.*t30.*t34.*6.0;
t53 = t7.*t21.*t26.*t28.*t33.*8.0;
t54 = t6.*t21.*t26.*t29.*t33.*1.2e+1;
t55 = t10.*t22.*t26.*t29.*t33.*3.2e+1;
t60 = t7.*t21.*t29.*t30.*t34.*8.0;
t61 = t6.*t21.*t26.*t29.*t33.*v12.*-1.2e+1;
t62 = t20.*t24.*t26.*t29.*t34.*6.0;
t50 = t20.*t29.*t31.*t35.*6.0;
t51 = -t48;
t52 = -t49;
t56 = -t53;
t57 = -t54;
t59 = t55.*v12;
t63 = -t62;
t64 = t40+t42+t55+t57;
t66 = t38+t51+t56+t60;
t69 = t37+t39+t46+t47+t50+t52+t63;
t65 = t11.*t64.*v12;
t67 = t66.*v11;
t68 = t11.*t67;
t70 = t43+t45+t59+t61+t67;
t71 = t65+t68;
C = [-v31.*(v21.*(t38.*v12+t60.*v12+t69.*v11-t7.*t21.*t24.*t29.*t33.*v12.*4.0-t7.*t21.*t26.*t28.*t33.*v12.*8.0)+t70.*v22)-v32.*(t70.*v21+v22.*(t64.*v11-t9.*t22.*t29.*t32.*v12.*2.88e+2+t12.*t23.*t29.*t32.*v12.*3.84e+2+t21.*t29.*t32.*v12.*y.*2.4e+1));-v31.*(t71.*v22+v21.*(t11.*t66.*v12+t11.*t69.*v11))-v32.*(v22.*(t11.*v12.*(t9.*t22.*t29.*t32.*-2.88e+2+t12.*t23.*t29.*t32.*3.84e+2+t21.*t29.*t32.*y.*2.4e+1)+t11.*t64.*v11)+t71.*v21)];
end

function J3 = J3(in1,in2,in3,in4,in5)
%J3
%    J3 = J3(IN1,IN2,IN3,IN4,IN5)

%    This function was generated by the Symbolic Math Toolbox version 23.2.
%    25-Apr-2026 12:11:45

T = in2(:,5);
a = in2(:,2);
g = in2(:,4);
p11 = in3(1,:);
p12 = in3(2,:);
p14 = in3(4,:);
p15 = in3(5,:);
p21 = in4(1,:);
p22 = in4(2,:);
p24 = in4(4,:);
p25 = in4(5,:);
p31 = in5(1,:);
p32 = in5(2,:);
p34 = in5(4,:);
p35 = in5(5,:);
s = in2(:,1);
x = in1(:,1);
y = in1(:,2);
t2 = x.^2;
t4 = y.^4;
t5 = 1.0./T;
t3 = t2.^2;
t6 = t5.^2;
t7 = t5.^3;
t10 = t4+1.0;
t8 = t3.^2;
t9 = t3.^3;
t11 = s.*t3;
t13 = 1.0./t10;
t12 = a.*t11;
t14 = t2+t11+1.0;
t15 = t2+t12+1.0;
t16 = 1.0./t14;
t17 = t16.^2;
t18 = t16.^3;
t20 = t3.*t13.*t16;
t34 = p15.*t7.*t11.*t13.*t16.*2.0;
t19 = t17.^2;
t21 = a.*t20;
t22 = t8.*t13.*t17.*2.0;
t23 = s.*t8.*t13.*t17;
t26 = a.*t9.*t13.*t18.*6.0;
